8990 990
45146567 8925 7530
37250381 8328 2362
57178839 3079 1168
21410808 5903 4027
30199733 2651 4474
51812702 2475 1410
43398238 615 8299
52421243 1214 1005
44140254 6666 8803
44634960 7053 4480
38377319 7335 6110
24107945 609 5109
71204731 2061 4269
38848215 8545 1209
62989352 7943 4285
9915289 211 1521
72676001 3703 2086
38756836 182 1462
981293 1066 6180
42282967 7487 6910
6378255 5340 3481
54275491 2140 1066
6533557 2800 465
61091193 2723 902
69907256 3852 4216
54494084 7952 859
54869627 1946 7297
49851261 2548 216
61051166 2851 7871
16644253 4677 106
12205689 8683 1731
17118834 1944 3016
19522651 8154 6227
43005035 2046 5109
78472018 8125 826
58943256 3766 2543
71145177 198 4781
70574833 7795 854
58565070 3387 3316
15300116 5769 8735
50885502 1606 6110
24863656 6688 6099
76575497 5819 1184
34970616 7780 429
812341 6118 5004
40965879 201 5647
22401295 3888 5925
75315461 5367 7898
31394038 1788 7845
52129129 7728 3315
28394973 2507 1943
64436697 3879 1751
77849340 1516 6567
60918572 4875 418
26045198 3856 1976
33799831 4828 4034
1658935 8770 2136
37578107 1901 3141
33848700 5532 7728
21771445 2753 5225
51943050 8589 3568
52077563 4103 4596
9111363 2582 8704
69771327 1634 6134
18862592 443 4034
19874404 1991 429
42238887 7174 5250
489491 4755 4460
66922089 8120 5017
33754328 5866 7481
57952648 8732 2948
34376515 5136 6955
22840416 4692 4834
18112703 3203 6489
19189424 6154 3337
59108960 35 6313
79615382 8964 6192
67357991 306 5703
60254756 5974 3566
45509356 5602 7458
24262388 5182 5460
29964742 8610 8751
23200510 6895 1657
35165933 2100 5017
29544619 357 4437
54263736 5908 6925
59232618 8883 1044
2643038 5175 600
31247606 5564 5678
4274785 5779 1913
68538189 2427 1033
29190533 370 7530
15116324 363 4386
36735359 3730 5956
26438736 6985 7801
17088030 3768 5400
73279682 8943 4599
72905867 3283 2763
56075775 3384 4652
11389979 7142 6789
4413951 6305 1108
74157445 572 5925
14405072 2885 7301
67651462 1531 6607
75823848 8182 8724
42282967 2738 3753
78118891 4979 4832
14423249 6726 921
11994280 8455 3612
51456620 8645 6582
11043747 4300 1943
18816054 5499 5011
4615557 4636 352
35488407 324 604
18600629 2405 7838
19954684 6763 6089
29920134 2987 231
735665 323 6541
42869545 1321 5407
28059742 2336 5112
341996 7773 8133
27960807 6264 8304
50009424 5782 2382
40605006 3287 1358
5593 349 8922
42995076 378 1754
36282140 6424 4122
28247204 3430 4474
35797925 3873 7479
43836230 699 1840
27118277 4347 5463
55186545 5273 2358
64016456 7103 6550
53431505 3366 4976
43996359 400 3964
51517580 8977 7466
54134646 8869 2078
13435446 7881 461
61847826 7880 5616
52953932 4173 7127
76770425 7202 1280
70515660 4451 309
70489116 2004 36
19050374 6504 2726
6477866 5009 5505
41770695 1290 3878
18600629 3169 7961
72135294 602 5783
6456176 2199 2326
36104621 2708 4434
2089532 89 7530
20977042 6171 8561
34246278 3281 159
22116116 8353 7889
73032279 3963 2778
11476595 7449 7851
47302157 2707 3566
44774799 6531 6623
32428566 6169 8320
76222494 4699 6549
8778068 2457 3753
38917063 1439 7530
41940839 5660 8863
45146567 7675 1909
27846626 3933 3811
9560471 6221 2082
804140 7984 2879
46985727 6231 1066
26361467 8618 179
44821672 6298 2763
25445417 1299 5454
27293751 935 6442
47895343 1663 4707
68306565 6641 1808
80506042 3748 7294
67699351 3600 3337
11399022 6299 3395
2645796 4174 1467
11600184 7150 3337
72540775 535 6916
58727631 4201 74
34376581 7747 4722
12603158 1575 148
611570 4663 4788
51091477 3342 4788
70526613 7106 7294
50325660 1915 793
68484668 3988 8355
45415901 7480 4382
43166634 2058 7790
51827456 6097 6192
6131508 3950 5018
32106153 6548 6349
31269872 1257 6640
14543866 160 8751
67588887 5298 6335
5258672 6560 6169
25098217 5285 1284
37222564 7676 8724
55128488 654 148
43261262 8601 5560
23061712 5320 3753
38669600 2539 8724
57591857 3925 4100
9536244 3034 4296
60715077 2269 496
33366903 521 4264
29139661 2609 7772
70356599 2155 3568
45146567 4374 7961
61022171 8242 5901
23341422 768 5771
64607544 4936 165
18136076 4849 51
7862807 5220 4722
21640756 4385 7676
68677438 926 6518
28162893 3658 6745
61312374 8162 2211
50987454 1491 1389
72885883 1225 8481
5712403 2304 7276
41314183 4035 5463
69500247 223 2243
3751125 599 2217
27038894 1884 1631
68232956 5150 6796
64472086 2765 5505
4749483 6688 4722
72905867 4649 6816
73887554 7518 8841
55826166 2434 3270
35378579 3719 6916
78354646 7062 4058
6742835 7927 1168
63627467 1869 1462
75673438 8976 8926
16191011 3777 5231
51523321 1184 7855
37250068 7106 7922
80325686 3789 7337
35019749 3842 1413
32217357 7404 5670
80339844 849 4963
72389653 325 351
975651 3959 6280
32033929 5993 3444
35902185 6683 1851
39153860 8902 6067
67259233 821 6150
37973490 8564 8775
37902259 8108 5822
14438104 8104 7851
69277088 4975 4901
31503827 1418 8987
30768989 180 6755
16723432 8647 5266
45262757 4013 1051
12749585 2051 8205
7595036 2146 4511
61283978 2108 1184
55106863 79 5421
61999074 6914 104
62014014 1500 3944
23394838 8815 5936
11049776 319 7026
52490051 4002 7855
16379023 8377 5816
29752675 2100 604
57918019 8266 4382
27884634 2785 7951
59852937 1882 1726
12367771 2145 3270
45212921 5653 2244
42813839 205 1926
46605081 8727 7617
36182341 6734 7602
1507113 2370 5670
14786528 8690 215
12207568 2792 1535
42592359 5283 8733
20496943 5843 5715
103701 1998 8751
24146350 1902 4382
68484668 8266 47
48486948 6457 4216
74812397 4247 159
55839620 1287 2138
4722514 8686 3612
72645998 4143 1184
5402393 6743 4657
39984399 4823 7314
41368139 2714 3264
10298008 8132 7026
55778849 7059 5460
16288527 4232 5187
29458868 8753 8623
25359258 8572 6833
73935898 1396 8704
78496107 1253 6607
4677941 3043 1731
5900961 8149 5990
12026212 869 378
56205829 5631 4363
13536958 1746 5460
74203010 5663 1592
39795552 460 7058
70828933 5637 1377
25596213 5099 6512
55506228 302 6738
26399145 8358 279
25343843 7421 6090
77562632 1784 8314
50484482 6880 2438
78233859 4726 1971
74419160 6294 5017
12451544 2201 1545
50625432 6039 739
5880818 8589 3264
22726206 7788 4474
11986541 6731 6638
16540579 3811 1903
64836570 3896 4938
77335168 8073 3264
14890835 309 4606
57608969 3707 2876
15008726 1081 7015
37797371 8857 2787
24128064 7631 6842
29522921 6072 6567
70606234 3322 897
21007050 4442 2382
9193886 7784 2243
37166122 6958 6150
37397892 5468 2522
45864124 3448 6308
2119290 6977 1283
55241726 3563 1168
55639750 7936 6938
56483423 1119 4495
32359268 7524 4474
64703742 6561 2583
54683043 2466 5804
37448191 4118 1063
49112505 4929 2243
12517835 798 5088
46795193 8207 5474
76959783 6512 2326
47684873 4255 2008
15150325 1646 7337
63101785 6530 7328
37157385 5876 3566
14138281 7643 4938
25731897 1127 2380
53384132 7527 8042
61913006 5973 1389
16245052 2552 2758
1093167 2416 1896
6908381 2844 5121
49724823 1759 3481
59211410 4213 1476
8154476 4595 774
49848602 5354 6607
75860129 4996 5560
32692100 6625 7337
16467309 5097 1629
47748398 4116 517
31557747 7294 8
48867560 2948 1714
58537227 3378 8272
32359226 2234 8234
67899225 7796 4587
9071520 4741 4480
47657292 6658 6704
42915658 1697 197
29666698 821 2756
57975940 8865 47
51009441 8790 2509
30394405 6777 216
32155770 8414 5585
14019015 8228 5187
13231239 5581 3150
39121640 1614 8314
32217357 6981 5017
51913986 6858 106
1080723 6063 7851
1013938 5066 7922
35888172 6046 8751
60439505 8784 2651
74173605 8134 5703
22155323 6649 8364
11023153 7385 8469
78436734 2081 4285
23050159 4042 8314
78147070 6389 1726
14345291 626 6
35719389 4967 5741
14422902 7398 8921
61401938 150 2382
18389252 3138 4710
78273964 2446 4386
37710351 7399 3251
56615451 6853 6489
13038981 2484 374
35968858 44 216
54280509 6815 2909
61495999 3585 3566
10678055 1393 1760
44324864 674 5047
62645701 8032 420
73769654 8906 8779
44634960 7569 1652
45439979 5157 5553
49151020 5321 5134
31634145 7931 8921
64017402 1048 2136
77069435 650 8394
74216324 4483 4433
43653637 5860 2600
10637853 7996 7697
79418235 1492 1341
56386624 1962 3518
63569215 5992 859
59821160 910 4587
63851901 843 8270
50720208 1200 7534
16433226 4232 5028
65296897 279 6489
22181175 6328 6363
15585373 7187 2600
18995235 152 1731
71537141 7679 5830
44212902 8640 2987
47879439 2002 89
12751302 1967 1652
80425165 8872 4303
38453448 5827 352
5880818 4262 8394
36232397 7509 216
17867576 5066 4606
9868310 2703 3210
35273585 491 3566
53499348 4704 3405
21973105 8624 3270
76052635 7597 7216
56139868 4254 1283
46276618 4315 3878
24577984 4446 6442
53659010 6696 141
22840416 1801 12
56703605 8436 7026
59580602 5420 7300
67515677 2936 5715
62630295 5740 8481
79743742 498 3612
2616098 473 3964
45000557 5765 7335
72092632 2643 1203
12293274 5948 2380
1360885 7332 5107
66718064 1914 475
40399806 3984 2380
53863991 6010 1033
54134646 461 7028
2711256 7822 664
38543 5824 3315
4834166 5653 926
2807410 8338 5028
13882941 1243 4034
25823875 3278 2526
37762832 3096 8004
29872246 8127 2651
33254936 8055 8623
26904708 1163 3481
12283858 2934 7801
39847973 4861 3315
75542976 5790 8469
75140175 1765 1118
56834565 5214 5407
6190743 834 390
2450224 3120 1657
8789990 7484 5771
45753145 8117 3253
56840960 2557 1012
42989489 5315 7337
14267604 3418 7998
9702590 7133 159
77582464 415 8042
5072269 1720 8981
56449813 1096 7006
75771538 2308 5830
30536969 1158 3568
31179034 6653 6728
45839581 244 5281
53291272 800 3391
42585151 7711 3315
24336146 2613 962
60206411 8294 5460
11974441 2693 6623
56174519 7959 258
5119342 635 6406
5301847 4088 411
11822329 4546 8259
56420284 6403 7530
67123853 576 4480
16101308 8130 6916
38127967 4746 7824
74096477 2956 5407
67357991 1353 8059
62263358 4655 4511
60685135 6405 5281
25481094 2208 1652
46595936 4552 483
51889289 7085 5421
1530382 5809 7961
78205736 6725 4511
22389595 7069 1657
55200305 3569 5117
30442430 2649 7801
24504877 8864 5585
42272642 6219 6916
59054246 7174 1660
19624627 7941 8841
17425452 3415 351
32813731 4299 604
78596987 5289 5901
58007832 4929 7238
66477520 5183 1894
15059076 4631 8469
76944275 2812 3253
46730925 3218 2931
77304934 4656 3753
75565166 5830 464
61511839 68 1511
59447055 8157 6051
47372695 6041 2876
13379421 5157 1462
4381445 2640 4901
11857528 3393 6299
64435886 1505 2948
73557330 8667 4117
17813623 1192 478
37157308 2449 2041
73753773 1278 3315
19498564 91 2572
23188197 2123 5407
61945927 7818 216
20805997 7536 3054
65120364 1721 6916
65553131 6045 3369
37980899 1038 8987
40729558 1299 5028
35722402 3317 4086
39864913 7229 5004
30102835 2947 1016
47832467 325 7842
70632801 1108 5830
10345615 7180 429
68186569 4043 5075
38653569 8500 528
57957429 5996 3084
46242915 7689 5407
9014343 8242 183
20515701 1507 1922
42461246 8305 2965
11634911 8939 4086
65397270 6925 4123
71228374 3012 3692
53532972 8335 1976
36167160 8620 274
55241726 5892 1652
54395342 8835 5231
15931605 5932 7801
44127076 985 7467
5108052 6730 5783
59731055 3143 4059
9114134 1109 3351
47748713 2314 3270
34393085 5299 6425
11918781 7282 7987
53719632 6154 2931
39508573 2243 7602
35668503 1612 4033
78398958 2038 6816
62999051 2221 7700
26901102 8085 1207
32247388 5557 5851
27456744 6696 7654
45394813 2256 1643
68294393 7772 5400
29319996 7839 3158
48881684 1589 902
63145659 8579 5447
30394405 8959 522
54579757 8934 1014
68378733 176 8938
31221761 5104 7676
76171574 8110 4958
3651192 3520 6526
59021966 2498 7314
68124047 3669 8724
20490288 4776 8779
79776517 5662 4895
11267228 6311 8921
39655199 8842 2529
78416955 6535 848
64388386 7751 3157
10558639 4694 2382
37190775 8905 1631
60008767 8881 8482
21840835 1214 7359
13490534 4439 3315
6094413 695 2695
11166624 5383 604
21469809 2547 633
46361790 5362 957
10429079 5452 6787
543805 7528 2235
43348240 1967 673
377998 3422 5237
46391695 7370 496
1282321 4408 1413
67604965 5036 4741
53653603 8917 6686
77026968 8497 390
3032350 2240 3753
12150186 6847 4516
18825834 7151 8059
49454149 1537 8459
76487362 4666 2602
76038302 3955 6916
71494510 6621 6150
26781337 5537 1734
70640997 2597 351
14354374 5542 4832
42732821 456 5075
31165741 755 1751
39354815 4748 2424
51451748 3845 2931
34044357 1249 2209
28539314 1634 6150
50488953 8018 5107
27933783 1495 2602
7979025 7606 604
31151366 1309 560
36047968 7338 6374
8966603 8812 8724
62090305 2852 6299
50501905 3171 8633
41664448 6732 2602
59953682 1331 3210
79022594 259 6728
73215420 6047 3337
79864956 5577 1454
27844356 7881 7772
19392481 2491 1014
15100777 2219 1018
51608621 4639 774
42816132 5710 5626
15612144 6856 6567
613598 4538 6916
4280500 2231 8270
73028718 7452 4449
16330752 3689 4308
44911966 221 1592
45174229 4164 2158
21178548 525 8306
51669971 4211 1014
21054596 2376 45
29754336 980 7535
44716304 303 6146
44774799 1492 6374
69723705 7486 1377
56746952 8029 2008
19630211 8429 1094
38132845 6420 970
31339988 6305 4757
55557588 4989 6180
32250941 5952 6227
14874965 8837 4810
409030 8654 141
39357128 8892 3054
55674454 2369 3399
31614482 4660 902
36131334 715 5171
28023880 5871 2209
68750900 2522 7301
58158206 8700 2412
31086689 3301 674
41193253 3989 1677
1628865 2917 4112
12737774 2275 7018
10770165 1403 8518
58407511 2457 23
22729926 7951 390
61811433 5816 1066
37088778 573 7026
80124393 6151 1283
62936047 7844 6089
64601353 4501 673
57896556 6537 5749
40812938 4388 743
22459092 6435 8751
11891356 1087 6089
22448346 4651 5757
25407736 2017 2860
19508404 87 5956
65743301 7000 1959
29780710 4495 3501
48356261 8755 5017
53734935 3771 7301
10537475 5399 604
9468468 2776 8481
27118277 2786 447
54970260 2659 685
5183312 3844 6728
11288799 3116 8000
65834215 2715 5904
76000431 2575 6640
70929381 1900 7481
9633961 1516 5004
74776516 4471 528
18312558 5868 6831
27836094 5115 6607
28870001 2050 4086
21626413 4982 4307
73235449 8540 7300
50270707 5132 5407
41260086 5801 6831
57266751 444 1723
2236546 4526 4320
21328728 2619 5107
59797489 8092 4033
924294 575 7643
23873582 6418 6263
47966879 4398 8827
73232162 7773 2387
30496266 2800 2611
31748136 1762 1166
54081465 2018 7073
2151541 2763 1731
6417163 5738 4544
5682494 4296 7534
287010 1276 7602
12042174 7533 1760
24595024 4684 3478
63921544 6775 5741
40193771 3285 2243
12039325 1857 5582
22238255 380 4474
52020227 5723 4424
6633233 6849 475
41325737 3465 8651
36420244 5656 7337
22630481 3028 1894
7192369 1693 1657
11043747 3004 1014
44074127 2905 45
770888 1187 3753
69732073 6495 5901
1480409 2727 8364
40276926 8065 7328
9058384 8343 1959
7555610 7748 3450
36717667 53 7020
7574630 7532 897
28552835 6105 5017
53297970 4412 8481
71732748 4751 706
39412512 4664 8436
79059726 5265 8922
42449827 8419 7602
9573088 95 2602
48158285 7760 3014
23585281 3956 8306
48481427 3805 3315
47728261 8779 4122
64848717 5391 4710
7665570 7543 1760
16355192 2671 352
73367322 6921 4264
4691511 7050 7207
73758617 7898 6227
9848686 8035 1136
67735961 8031 89
8955771 2817 6180
27106502 462 4474
75475499 2334 999
71897067 3701 8867
62743769 5192 7790
18008518 1946 6709
2345441 4385 6797
48015351 4887 5819
28033607 4446 5121
28327769 5063 169
75524026 2591 7945
2044763 6614 5651
3133773 3708 2486
15855683 7292 7700
20847802 1057 4794
1809590 8608 1447
70021087 4097 8314
38476132 2924 5956
51820595 5426 976
55708432 6648 4832
10128641 802 7876
4906565 1446 7386
15796109 3861 6916
62925127 8727 7479
77644250 2427 4363
9585299 8547 5440
64117434 7463 3253
59923460 6568 1731
39437964 2622 104
26543237 4724 4938
18116928 30 4511
12205396 1131 7530
8518939 7048 6002
961436 7104 1652
39160640 1220 1643
41336511 7615 89
27143322 7008 7961
18728680 2288 378
23201468 3437 4123
5162228 4571 8518
17756589 6701 3054
27857293 7402 7998
80382116 6830 926
23831154 7160 5830
60681399 5580 5463
31166782 1731 5463
31796453 8497 3339
3277298 8645 2476
10709287 8814 2243
61358160 8346 2756
40251629 8695 5703
14209204 8042 2205
52677120 1156 8469
75548188 6760 5505
31129869 1471 47
2121546 8982 1520
4568671 4463 6090
7750837 980 5281
10554401 952 6595
64290000 8593 5493
44701176 7058 373
37401943 1199 8418
32969072 5354 5880
4350476 5027 7276
52077490 6924 4741
4829060 8721 1375
36857955 1955 216
27947030 3040 8916
54075807 6153 544
76488680 2732 1118
17977861 4186 5474
77664685 2859 1731
20193745 8915 6833
10794549 6980 483
74560105 3752 1851
11595020 3686 5281
44716068 5547 6462
74253307 7885 3014
60977125 3664 8000
36824005 4234 4901
27858992 963 5703
35378579 7323 5411
24324500 6201 5281
7298225 8788 5783
5751441 3533 8419
23745981 4364 6686
55638086 1819 1673
4268536 6410 565
31314098 2736 4757
1581974 4090 8411
75824717 3551 1726
32579206 3211 2120
56277277 4081 5107
14754527 5103 1550
25511631 1063 8633
28127958 5266 2931
61681309 3056 5099
55323170 8076 3337
73737734 4149 1447
18769481 1573 1894
26161120 2373 604
14850357 8964 4053
20587174 373 5017
2650044 7406 3501
3699890 6861 3587
57892103 2608 5956
48159244 6465 4064
46733165 710 3251
55194709 6761 6581
6170580 8813 368
40120847 3076 7819
34954990 608 197
59044285 3723 1840
16305312 8313 4895
31056934 6691 6938
35301478 8550 6406
17148026 1260 6308
57290781 2611 449
27854717 8154 3924
34362084 3276 2715
5607456 747 6607
5204733 1113 6425
72938388 4182 3608
37773699 3572 7676
70164901 1782 132
3199301 6771 4345
53659429 1943 1377
79081853 5371 7328
78394936 4661 5830
65740113 1705 6607
56300834 6064 5237
22996867 2416 3548
8653532 775 7026
69821884 22 7481
65926104 8022 3601
38529576 6538 3154
32824877 8022 5855
76471469 5514 8921
77363993 5316 826
32895153 1516 6090
3535400 4492 6574
63155211 992 1652
40732651 987 8937
42538919 7545 6607
43628073 7194 5407
72078520 6240 6001
30733989 6021 1410
34159588 536 7790
79375120 3816 4870
8751319 8198 5266
47472621 4697 6227
1204151 7720 6797
5593 7031 3692
7778330 1400 793
19893878 3577 6784
23013261 6977 1138
21964787 471 12
25460864 3826 3951
2424311 760 2735
11069631 5901 3315
35986631 1504 665
12881902 262 5463
39026155 548 4263
3171777 5724 3315
63686752 7901 985
11956499 2360 6925
69628033 5362 1377
26669922 2359 2931
70329292 5191 5777
52780097 2728 3000
26362293 7894 7830
74919481 2644 7466
30072844 7323 465
38282538 3658 8623
33709435 4013 1413
11868189 5133 7872
35936480 5479 5004
45151922 4419 6709
35608279 67 3501
72756670 5684 291
27761846 1776 7794
2505848 1683 8232
55198536 4356 2130
60759431 1452 3569
56834565 4330 1545
44463589 86 2244
74671123 2779 5956
30830322 933 6419
18528191 4615 447
35208898 5410 2965
9422967 8814 3774
18845726 2513 8518
5939918 8318 7314
41531652 7363 6227
70840325 1213 848
3711174 6768 1018
5295539 4227 7851
53387317 5524 4803
46750280 3902 5901
24563156 6923 3864
31219366 2098 7830
45548358 7144 4569
4032654 3241 1851
4282738 380 4776
7316077 2113 8704
