12646
10725
13427
10920
10432
12769
9568
4824
2215
6958
10167
15261
3468
11997
8799
10300
5853
5376
5753
6696
12756
12287
4711
10666
8265
6045
8472
13487
12844
8158
11787
1181
6848
14486
10904
12916
7738
15445
13958
4676
8943
12705
8798
4803
7790
11832
9106
7646
14172
13936
14718
11075
3483
14164
5048
7671
14936
9945
8144
7891
7549
13403
5779
9060
9796
11685
3858
5129
5163
3724
11115
9512
10159
9824
11582
9053
6358
2595
17041
10771
9565
12955
8651
15142
7018
15690
5830
5503
9400
11671
6397
13639
7923
12370
12699
9227
3198
9959
14633
13015
7061
8303
5491
7890
15273
10074
4056
11743
9112
11643
15446
8433
9777
10083
7854
4758
16455
8297
5393
11364
15491
9550
4547
11942
3677
10433
8010
4137
12548
5662
5286
10838
16856
7453
9161
5832
8059
12770
1000
11567
13107
7806
4663
6546
4727
6356
887
7817
2450
11334
12524
9026
14242
13065
10088
8668
13224
2783
9245
6485
10395
14277
7368
8031
10730
12128
15733
7073
12067
6543
9195
13219
13409
9295
10484
12735
8724
11600
6112
14823
10771
10614
1143
9132
10129
15481
6460
5542
8389
8392
12582
7957
6462
10756
9247
11037
12622
7358
12789
11799
7966
8951
12341
8691
8415
8384
14040
13058
4137
11741
9304
9550
10490
8626
12510
7827
5966
1057
2978
10024
6635
9090
8759
5168
9093
12523
14490
5292
2643
4107
9396
10218
12760
7038
8009
8996
4876
7185
11790
8835
7991
15640
12293
9651
8430
5399
3314
8415
8203
3436
4395
9294
14184
6369
13023
7293
10020
10912
7072
7326
6317
10197
5665
6541
9290
7943
8577
13128
12609
10756
9980
8423
6508
8305
11889
14107
3730
9511
9282
8349
2549
8990
5926
13378
4960
4758
4462
12463
9008
8428
11396
1820
14207
9554
1425
8960
6471
6222
13652
3701
12381
9961
8386
12382
7682
8441
6269
11402
7080
7887
10185
5865
4558
7060
14191
12083
1966
7394
2080
10248
9164
4895
9921
8536
3822
8115
11000
13018
12885
12780
6581
7067
11888
7860
4338
4647
12596
9400
8044
9068
4140
17214
14304
14154
10563
9728
3539
12874
10007
14112
14853
3593
13997
16107
8118
10589
3380
7803
3135
7565
7829
3915
14766
8598
10155
7265
14793
9934
6406
13834
11147
15540
7601
6758
8712
11993
3033
5443
3765
13891
8250
9300
2915
16270
4453
11870
9784
10712
4977
17461
8585
13268
7647
9993
12910
10775
4615
14140
4453
1100
9081
9154
7674
6059
5381
6592
13891
4159
5616
7092
10409
11937
1136
11287
6008
6547
2306
5776
5407
11826
2413
6853
16834
6132
6079
13454
7926
5967
7378
9654
4370
10830
1996
7056
1268
12593
7673
10323
9987
3238
12665
12298
11290
7089
9118
6491
16532
13445
3168
10267
5479
11210
9353
10289
1787
9344
2487
11984
8415
3861
9673
12114
12514
5532
5122
7188
8495
14031
10341
7326
7052
5733
15927
13003
10161
8440
15809
10749
9164
3902
8550
14507
3245
8090
12774
9354
14079
1063
6486
9209
4881
12380
13469
6008
8701
6768
1364
6675
9356
5959
2439
6162
4314
2361
11056
13036
9193
12745
3520
12612
11290
15571
17065
7299
7266
6392
6904
9830
13763
15304
6770
8144
6152
7985
1363
14020
10352
7029
11202
12892
9035
8876
11157
10457
6353
8252
11819
5120
8655
5335
3451
8018
14847
3810
10230
9293
5306
14128
4589
13061
7651
5928
12655
2004
14279
6169
9700
8333
13104
8159
12884
9597
6189
9615
4437
7190
8753
11010
1411
13325
2813
11163
10635
8377
11174
8052
961
8430
4427
6912
13240
7927
14484
2965
5782
6424
5852
14790
12601
8212
13119
15748
7103
2040
16510
6646
8936
14281
8387
9620
6988
15340
11416
10476
10043
10465
1739
10512
7254
11366
11008
9709
3519
10396
8092
801
10399
14287
8348
10100
8400
7934
14841
5852
17650
2935
14305
8654
13614
7307
10520
16251
4164
5653
11433
6321
10618
9477
8332
9434
8545
6395
8126
5639
15769
15601
12965
5869
9046
13126
7490
6692
9369
9341
10798
5646
5150
11631
2354
6182
7964
8764
6968
10258
8781
2681
8367
13016
62
11930
14775
10198
12832
10642
11288
5883
8915
14591
11245
15596
5341
11671
9181
5393
10332
9117
6795
9442
6254
9000
5172
8932
8577
5492
6150
12803
9228
10988
885
7765
4889
2743
10615
17257
7594
9044
12153
11205
12002
9342
12379
5569
8205
16266
7767
4923
9525
9840
12836
3210
1124
7526
10396
10805
8803
15701
12997
6898
5644
4302
7246
905
9464
4494
4893
11650
11382
8822
12930
5450
8472
11265
10383
15945
12379
7042
11751
10566
7188
14375
9263
7973
2000
6832
14114
2180
11796
10880
12979
7996
4877
5778
14362
15337
9471
11526
7350
8229
13919
11682
12716
12252
4963
8267
11480
12360
8593
8030
10542
9282
9574
15004
5599
12429
4274
9437
10223
13821
9523
12097
14093
11870
14120
7999
13121
12089
8920
9582
4465
12530
11472
6645
11766
5210
7881
4912
7172
8340
4605
6020
11397
4264
9804
10805
5936
12770
16930
6693
9143
7296
11604
9437
7062
2364
10546
6440
7717
13863
13445
4333
9925
9916
11896
7668
4417
10345
3554
8776
13392
8737
10360
9821
1777
13804
4424
9705
10903
4824
15639
1349
6437
4926
1655
17500
17132
1480
4865
8811
3493
9254
15964
7227
15722
6926
4073
11850
9051
11234
14655
7734
10145
7317
3108
11071
11663
5229
7653
7348
12064
8847
7611
9364
7190
9034
12008
8836
12488
5357
15444
14026
4180
3869
14876
5909
14044
2889
13026
8708
9717
2867
10164
10554
8166
2618
8854
10725
7436
6148
9385
5148
11268
15139
7079
6112
11218
10106
3958
10676
3182
1855
6970
8211
13556
9406
11855
8342
10679
5932
6553
8145
7523
9848
6938
6436
775
3362
13146
4982
8337
11997
6063
13621
8096
7933
5043
6449
14050
8065
5547
8156
8156
7563
8389
9878
9040
11786
4955
12138
5071
11022
16208
5118
10953
9708
10380
14745
3008
12753
6089
10101
7325
5856
11383
3200
3350
6106
6248
10403
13505
12304
6027
6441
11141
11312
15335
9359
14686
8646
16394
5258
