7807
6120
9469
14056
14290
14637
18681
3719
5494
6754
17098
3564
8360
12730
9299
3168
3966
12197
10110
14171
4368
2096
14544
15731
3318
16688
12211
14395
3988
10903
12928
1523
16780
3683
10905
4412
13379
5734
15454
12622
10014
6464
13270
7830
5495
10224
8879
12388
7443
14227
8053
11406
18119
13842
7498
9942
9922
14273
10705
7012
9854
3055
9762
0
5790
10815
14471
5354
5471
17831
17866
8142
15262
6113
5057
2593
7984
17087
11672
12753
5705
18329
1025
15213
7753
9226
6972
7040
1508
13419
3450
8185
10588
6837
11052
10617
7805
16942
9045
7091
9802
6262
8382
9552
9181
14801
8919
5132
17464
10928
18144
17095
8235
9056
3560
7088
16962
9233
6505
13393
7052
2389
11519
7717
2787
10276
7802
5944
2594
8394
4954
14684
10161
11686
6608
4701
6092
3221
12907
12176
10734
13938
7962
15052
7760
9064
6814
1666
4595
18344
8143
8661
6830
817
15555
7775
12156
9966
13017
10329
12531
5686
6728
13346
11224
9014
9129
4435
9231
4609
11004
12317
14265
11633
4358
15307
8779
2537
4787
11492
12544
4528
7357
11476
4626
7234
5531
6081
10444
13509
9260
6392
15486
9099
11601
3347
15377
14382
9853
8380
5648
11848
9026
4754
9538
1586
7819
8815
10470
11480
10156
14375
9916
8547
10313
9623
12764
13253
1671
8617
14883
16333
6581
16622
5293
8806
10666
5946
10977
11468
13490
10184
18613
12088
16115
9904
9930
7760
9673
12581
10130
19183
16052
1725
3754
14136
9766
11894
16971
12425
4428
10027
13526
9523
5981
18372
10720
2397
12102
11607
14428
12946
12957
11622
7804
12383
3395
5694
3918
17704
6622
9071
9310
6273
3287
17030
17120
14071
5765
11766
13978
15363
15452
4854
502
5422
9323
5492
13176
10675
7763
9376
10356
8549
4804
12070
7862
6351
14292
15714
5238
8277
19214
14558
11733
6822
6289
13098
10134
13246
13039
3400
9299
6161
1343
5875
8691
11139
9655
4329
8557
16044
12127
9811
9123
5654
11414
11248
7399
13347
5829
11918
3493
12494
4347
15924
9343
13045
15523
5376
7254
9989
9069
5797
9575
1613
12243
11989
6486
2854
10377
10022
7425
10544
10038
9467
10093
12964
6434
15338
8120
11375
6022
11282
8552
3766
9277
8980
10799
14626
13094
9433
18696
8261
2071
6935
13188
6155
10260
9491
11079
2514
17038
4715
4563
14495
6538
15258
12613
12784
11411
1418
9845
4172
13069
4945
12731
18555
12842
13163
13076
10682
1521
12807
8204
8139
4266
1702
12091
6994
6462
9082
5568
10036
8581
8640
14726
18075
0
4029
5161
11845
9267
9204
9433
10815
9247
9097
15563
7106
16730
2081
3052
6367
13959
11068
9502
9640
12184
6019
17392
9916
6605
14180
7346
5064
16319
3454
10748
13345
7811
8016
3146
7587
11369
10655
6486
6041
2000
9789
16455
2886
4121
4083
12118
13685
6018
12209
9524
9818
11525
15473
15952
6862
11333
11377
17384
4501
11885
7792
8163
6085
2627
1448
8288
12213
18091
6602
11694
9706
11318
16228
17963
5288
5061
3681
6602
11549
16945
9528
5570
7037
12996
12647
12827
8582
11519
1958
5999
4415
7907
14167
16365
13897
7873
14672
11382
5547
12618
8201
4934
12345
8801
7667
11015
17075
5878
10991
656
6071
9339
14136
6883
6579
10323
15130
15986
13040
17141
9931
8454
13294
12230
13692
9251
8929
3979
8721
9569
15003
4816
9965
6799
11995
9966
11962
9072
7228
5312
15386
13682
5199
11868
13475
12772
14726
3055
15192
6012
9943
4863
11804
3385
17855
8566
3960
10572
11081
8342
11488
15472
10484
5508
9974
12666
10136
17340
15726
18501
8614
10214
7310
10368
9602
7703
12170
14463
10730
17718
6493
7187
4423
6032
9131
4993
5882
12618
8925
6847
10697
14672
8146
8810
815
7167
12745
11285
7145
9228
11650
6000
10515
15462
14334
14587
8305
4654
9653
11495
8324
14309
12976
13567
18355
14415
15691
14334
8252
18332
9782
11228
8786
5873
4825
11772
8846
6117
5992
7885
9418
9691
10710
9714
7595
7647
3661
7373
13974
6828
15914
16987
7557
10150
9688
7700
6580
7353
14455
15823
17278
9615
11083
9031
17502
13117
6382
8769
14149
6429
9367
10682
6511
12355
11684
8894
6621
8015
7458
11225
11614
11062
8540
12562
3028
18463
6452
13337
14533
17487
12677
16392
13833
5738
16430
9585
5269
9003
12292
11225
6599
12017
16101
12106
15950
3855
4031
16148
7769
939
8926
4083
5495
4407
8999
1666
14880
16154
4225
2795
10664
10420
14136
9161
11152
13623
3169
8958
12742
18181
16615
9842
12442
7194
5088
17069
7970
11866
7638
6400
6086
8725
5252
4878
16775
5922
7549
11559
1333
14198
12095
5706
11630
14820
5749
7969
1289
13464
2758
16508
10817
17743
10368
3155
13055
10716
3305
7751
9493
10552
15076
12517
13337
3079
6330
8282
13325
16415
3428
11912
13979
6499
10076
16018
18130
8091
12137
14918
15523
11639
8267
6861
3945
4648
15101
3464
10497
12725
9561
8915
9174
6408
9416
16836
6938
12217
17848
5819
7344
17699
7328
12129
15117
12637
12206
13781
16088
5391
17419
15107
4685
9020
10446
17197
15749
13531
5405
11056
8212
3865
14648
17689
14722
6118
7518
14473
4565
6530
5585
19211
12517
13010
10582
9904
6521
5523
12036
9434
6654
6924
14517
11686
4666
14178
11538
10858
7733
13260
15600
2174
16180
6768
4483
3065
12430
13691
9014
16273
7275
12823
7280
4799
4261
9731
15683
18190
7470
10798
4621
11743
11333
12877
15466
11523
17003
6322
9232
4531
13908
6033
11893
8709
12618
13632
9116
15081
13948
16642
6605
5487
9804
4260
9884
14315
8901
14384
8789
12534
13583
5047
8828
6946
7886
10934
10323
10339
3064
7815
10115
7592
6607
10562
10680
6824
11755
11552
17534
13537
5738
12507
6170
6849
6498
8977
12674
13006
13642
3996
14343
1579
19230
11211
7062
12190
9901
4330
15014
9661
6718
13319
13260
14790
6765
17132
9770
17156
13983
19083
6293
16135
15268
1017
12132
6992
14510
4481
5426
11332
14879
7685
15745
5169
12812
8722
12862
8013
13545
17040
8548
19407
9632
10325
15701
12874
9020
11359
1815
17739
9624
13883
