9999 999
85528949 5380 8484
88354054 1407 6441
94868961 3236 4171
94868961 1110 355
85528949 3021 5135
94868961 8138 7964
94868961 8134 6651
94868961 1370 7135
94868961 1558 2442
94868961 5593 5161
94868961 3859 3995
85528949 3933 7787
85528949 145 9936
85528949 9367 3445
85528949 4353 7759
94868961 4631 6391
94868961 6296 8692
85528949 443 3868
94868961 8329 6770
94868961 3204 6068
85528949 4674 4005
29113666 4560 7025
85528949 640 2585
85528949 8722 235
85528949 299 1977
29113666 2338 5937
94868961 9348 2136
94868961 4085 1796
94868961 7843 2026
85528949 1240 1940
88354054 4677 6100
85528949 1742 2961
49916645 2804 608
94868961 1241 2312
85528949 5807 9801
85528949 8281 1740
85528949 4726 8675
94868961 3413 5874
85528949 1352 7505
67052190 373 7852
85528949 8860 12
94868961 4100 1652
94868961 1800 7223
29113666 151 5955
74398648 1964 7061
85528949 2585 6512
85528949 6875 1102
94868961 916 497
85528949 8870 6550
85528949 6205 3444
94868961 2222 7244
88354054 4601 7583
85528949 4820 2950
94868961 521 2789
94868961 5914 4894
85528949 8246 9466
85528949 1367 6269
85528949 8341 3569
85528949 1338 1279
94868961 6783 1038
94868961 5582 2094
85528949 2247 3425
94868961 2781 4658
85528949 2247 3425
85528949 2352 9110
94868961 7950 305
94868961 3191 9536
57315783 454 2149
91612195 9329 6662
94868961 2189 8371
85528949 1227 8103
85528949 9114 8358
85528949 7555 5181
85528949 7885 965
63257730 6682 8758
94868961 2189 965
85528949 8674 8160
94868961 1252 8990
85528949 3156 5352
85528949 1945 9317
49916645 6548 2569
94868961 14 8559
94868961 75 9523
94868961 7680 7132
63257730 4167 9027
94868961 6730 7309
85528949 4669 3566
94868961 3142 7938
85528949 4895 4848
94868961 9792 4708
94868961 6 7945
94868961 7407 8729
94868961 912 5814
94868961 4694 8869
94868961 1021 3596
85528949 9151 1210
85528949 1149 7018
85528949 171 4940
94868961 6408 7254
85528949 2245 9957
94868961 1886 1580
85528949 4231 4234
29964799 7630 1545
94868961 2549 470
85528949 232 7415
85528949 5602 6847
60544582 7934 7678
85528949 9939 7642
85528949 9170 5877
85528949 4667 1310
70849208 5828 5697
85528949 1792 1282
94868961 2573 8681
94868961 9147 1164
85528949 4217 2417
85528949 6053 7669
70849208 2927 5562
85528949 1872 1085
94868961 106 6711
94868961 6027 4184
85528949 5490 4519
94868961 7926 4674
94868961 1881 2240
63257730 8793 2119
88354054 7208 7763
14430576 5150 8589
94868961 7404 4519
85528949 5245 6232
85528949 6780 7291
5758787 3390 4943
85528949 1563 7463
85528949 9182 4529
11840774 5955 7349
49916645 3879 6925
49916645 7945 9467
85528949 9283 9129
94868961 130 7886
94868961 2646 8591
85528949 6549 4772
85528949 3625 9873
85528949 4714 9519
85528949 9581 8591
85528949 5924 212
85528949 2518 8671
94868961 1400 2466
85528949 6786 3468
85528949 7030 39
69798497 7192 6932
94868961 3162 5299
63257730 8004 1254
85528949 9612 5600
85528949 5302 8572
85528949 6345 4360
85528949 6985 4537
94868961 9056 4961
94868961 4442 7351
94868961 7037 6913
85528949 5468 6021
68249854 2280 4244
63057617 6721 3839
70849208 2324 8697
94868961 2712 6925
43494347 5483 4292
85528949 9897 4939
85528949 6315 9746
63057617 9939 9635
94868961 7243 1524
85528949 707 9790
85528949 5944 3785
85528949 7974 6364
85528949 6326 9017
85528949 244 7418
94868961 6705 6328
29113666 7638 102
29113666 612 1487
94868961 5922 2420
85528949 4094 2348
85528949 5998 2981
85528949 9044 4722
94868961 9342 493
94868961 5424 6956
85528949 9383 8911
11840774 6893 3769
85528949 9324 448
94868961 9673 7333
85528949 5819 1188
85528949 6171 6367
94868961 2851 238
85528949 2990 9993
85528949 9471 7022
49916645 4484 2190
85528949 1338 1549
63257730 6156 8589
85528949 6237 5749
85528949 2185 1404
94868961 5845 591
94868961 2339 9475
44952250 3763 1862
43494347 713 8916
85528949 8382 3587
85528949 3070 4548
81895376 8790 7540
85528949 7395 9249
94868961 5743 826
85528949 9791 6392
51899425 6133 5259
43494347 2426 5023
63257730 4462 9099
82497750 2063 2660
85528949 6232 1433
94868961 3632 3094
94868961 800 303
94868961 3473 7546
85528949 899 5314
85528949 8613 7913
70849208 8085 2560
67532521 4828 3966
94868961 9441 4832
63257730 4719 514
65176195 1020 6830
94868961 4668 4490
85528949 5216 7645
85528949 7681 1762
94868961 1553 4229
85528949 9976 4760
94868961 1775 2814
85528949 6452 8951
57315783 2928 5621
63257730 6303 9907
85528949 3705 3168
94868961 214 7866
49916645 8619 8239
94868961 9619 7075
94868961 8307 477
94868961 6282 8618
70849208 980 9570
85528949 5177 1627
85528949 664 3901
28051531 9720 7095
85528949 9606 7540
11840774 526 268
85528949 9206 7125
85528949 7762 4623
29113666 2248 1576
29113666 2952 4626
57315783 200 2487
94868961 8904 5763
94868961 8542 8020
11840774 9745 8020
94868961 2687 5522
63257730 8319 2320
94868961 5736 2501
88354054 1486 7013
63257730 474 9689
43494347 8084 5346
94868961 4563 2048
94868961 9673 7658
94868961 1148 8581
43494347 7673 7860
85528949 3150 8345
94868961 488 3671
85528949 9419 5023
94868961 7255 9861
94868961 5160 3580
94868961 2767 3778
94868961 5194 3735
85528949 1934 5904
85528949 2243 1290
88354054 5252 7165
94868961 4842 1793
85528949 4310 5845
94868961 7573 8133
49916645 1104 5066
94868961 9533 2447
82497750 4037 3973
94868961 9160 9851
32703392 2026 5195
37725072 9518 7171
94868961 3141 1637
94868961 9899 6645
70849208 7884 6645
82497750 9723 3651
85528949 2150 3459
14430576 5978 768
85528949 2364 3747
94868961 767 8105
60544582 3044 1893
85528949 4927 6676
94868961 4683 7366
94868961 2654 72
85528949 1806 7561
49916645 4286 1261
63257730 4174 6346
85528949 9457 8459
37725072 3753 7741
94868961 973 3824
94868961 5336 7323
8366425 3065 1385
85528949 5620 6590
94868961 1122 7253
85528949 8694 8754
63257730 4189 4609
63257730 3497 4517
85528949 6072 5936
49916645 1199 6082
85528949 9040 9790
94868961 5608 9056
85528949 5036 6894
94868961 9929 4870
94868961 4415 3632
85528949 3242 1729
94868961 5559 5888
85528949 7790 6480
94868961 7900 9708
71576057 8016 3701
43494347 8206 3203
69798497 7780 5036
94868961 7600 1149
94868961 838 7567
85528949 238 8362
94868961 3585 3378
85528949 8594 6051
28051531 2509 6435
14430576 7873 8684
85528949 9646 4123
85528949 1486 7938
94868961 1826 6552
63257730 9047 216
85528949 4585 2239
82497750 3247 3476
29113666 7794 5613
85528949 1308 7435
14430576 788 9263
63057617 3431 8639
85528949 4523 8567
70849208 6145 4310
85528949 2711 9723
94868961 7501 3923
94868961 4977 1972
94868961 8214 4111
85528949 9284 405
94868961 1276 1040
94868961 9511 1874
85528949 3298 2189
94868961 1445 9516
70849208 7522 4546
64700063 6176 9072
85528949 6802 675
60544582 7912 3511
85528949 8746 1585
28051531 668 8654
94868961 8731 2253
94868961 3651 4759
94868961 2622 6333
85528949 6160 4210
94868961 3472 4951
85528949 475 9989
94868961 9567 1821
85528949 5522 1377
67052190 8977 4587
85528949 2450 2570
29113666 5150 9633
61619372 6690 1030
94868961 8254 4417
94868961 2845 8379
85528949 3978 4808
94868961 7028 3474
63257730 4301 3943
94868961 4663 6639
94868961 1372 4558
85528949 1425 457
49916645 9317 7397
94868961 204 4424
94868961 7645 5244
85528949 1921 2032
85528949 6647 4241
43494347 5668 8930
13351635 3941 6520
94868961 3874 9276
68249854 2501 3515
94868961 3865 366
85528949 7287 6115
85528949 5775 4667
29113666 6067 3432
94868961 5833 2961
85528949 2798 2141
94868961 6045 9287
85528949 1043 9155
94868961 5842 2105
94868961 4128 6604
85528949 513 1098
85528949 807 2222
85528949 4039 8835
94868961 4711 194
85528949 3353 2592
94868961 9305 545
94868961 3957 8625
85528949 2859 1643
94868961 7919 7506
63257730 2752 8656
94868961 6394 2109
85528949 6413 8771
85528949 6501 205
67052190 6371 2
85528949 7375 7535
85528949 1383 1668
94868961 6840 5929
88354054 6441 7678
65176195 8223 1719
94868961 3056 6708
94868961 9482 6744
90479505 2660 4026
63057617 5774 1865
94868961 184 6080
85528949 4109 7523
82485212 5976 4376
63257730 9186 6949
94868961 9285 5055
94868961 9285 5055
85528949 5275 387
94868961 2620 6882
94868961 9124 2224
85528949 3064 1866
32703392 294 6132
94868961 5715 5067
28051531 9457 681
70849208 1514 9802
94868961 3367 6513
85389598 7836 4406
63257730 6149 7093
85528949 1583 79
85528949 2970 773
88354054 7025 147
32703392 1568 1226
49916645 5484 5191
24710062 5081 993
85528949 2321 925
5626911 1703 5974
85528949 1570 3861
85528949 2923 8527
81895376 7113 5554
63257730 5034 8125
20828125 8608 289
94868961 2481 1581
49916645 6313 1709
85528949 7774 8740
63219391 5212 3145
85528949 1012 8957
85528949 3599 7119
85528949 502 3563
85528949 807 1070
94868961 475 1604
94868961 2708 2517
94868961 8308 4504
29113666 7963 2906
49916645 7039 1639
94868961 1126 8173
85528949 6532 1386
65176195 8576 3366
85528949 324 7384
16325076 6440 4573
14430576 2920 18
85528949 3524 8305
63257730 5552 1691
63257730 3625 5737
91612195 7865 1813
29113666 8972 7915
90479505 9814 9081
85528949 9915 1439
28051531 1794 8163
63257730 7480 3408
94868961 958 3816
29113666 7080 5761
28051531 4680 2140
70849208 1057 1594
85528949 2162 571
94868961 767 1393
94868961 2935 3726
63257730 9902 2872
85528949 2223 8302
32703392 8505 2452
85528949 2948 3663
85528949 5512 3726
94868961 6688 3985
63057617 2572 3356
29113666 6672 8383
85528949 4662 2669
94868961 727 6549
94868961 9140 9830
70176370 54 61
94868961 3018 7272
85528949 4617 8943
85528949 3136 8389
94868961 5851 9727
94868961 8258 2382
85528949 3266 1941
60544582 7957 69
94868961 5558 6632
63057617 1472 1403
85528949 91 4645
94868961 6071 1690
85528949 215 1559
85528949 7209 7561
29964799 5674 6149
6945247 7164 2300
63257730 1163 195
29113666 2848 3728
85528949 9022 7706
11840774 1729 2037
63257730 2822 2951
85528949 9846 4790
85528949 7195 1610
70849208 8542 475
85528949 4840 7863
85528949 2295 8282
94868961 4151 8283
62771984 9270 6652
43494347 565 9581
2336678 4454 5310
94868961 6915 3721
61619372 8940 3714
94868961 5712 7270
67052190 1832 3343
85528949 6253 1992
94868961 218 3781
94868961 7745 3330
85528949 1656 2468
85528949 7079 8036
28051531 4803 2673
94868961 2126 5021
85528949 5857 8598
63257730 2316 7594
94868961 8371 5659
85528949 8763 2272
85528949 9394 1965
85528949 5241 1250
43494347 7673 8460
63057617 307 5609
88354054 5927 8387
29113666 3270 3238
94868961 2670 9815
44952250 1436 7484
83892681 933 761
94868961 9521 6657
85528949 9646 6096
63257730 8808 32
49916645 7144 5513
94868961 4591 310
85528949 8971 6341
85528949 8880 1437
94868961 6867 2850
2081655 226 1812
94868961 3553 2964
49916645 4317 337
85528949 3806 6478
85528949 8996 3251
94868961 6753 8836
90479505 5863 262
94868961 7513 3389
85528949 5739 1896
85528949 3317 8001
63257730 2314 1726
85528949 7432 5755
85528949 4292 2372
36728735 2835 6020
85528949 9701 1690
85528949 1125 3322
85528949 8655 985
66715885 1643 3600
49916645 548 4050
85528949 783 3721
49916645 3348 3055
67052190 4249 4311
94868961 5909 2850
85528949 3301 9769
94868961 8519 4200
49916645 7055 9920
85528949 3212 941
70849208 6172 1188
85528949 6462 9179
47816125 4258 6905
85528949 913 5214
82497750 6534 5697
94868961 104 2591
67532521 8110 3351
97733181 7403 5464
94868961 9108 928
42970403 3192 1534
94868961 8900 9638
94868961 1731 5423
94868961 6942 427
94868961 786 3894
63057617 7015 9269
64179985 7595 4830
94868961 3848 8535
94868961 2662 1893
94868961 8035 984
94868961 95 9655
85528949 9443 4403
85528949 1555 8785
63257730 4290 6937
85528949 5199 9564
85528949 7240 3556
94868961 8431 451
85528949 9221 6568
94868961 2687 2078
91612195 5747 6550
91612195 1828 9395
2336678 7142 9469
14430576 3682 9953
94868961 8182 1256
70849208 8468 7038
94868961 470 7779
94868961 1175 7889
63057617 7683 5769
11840774 6415 97
85528949 6315 761
70849208 3966 8686
91612195 9445 1007
85528949 8215 512
42295356 8120 1696
60544582 417 8125
94868961 402 4126
60544582 4960 7917
57608003 4931 9183
81895376 4016 6957
70849208 4557 2750
94868961 3995 187
94868961 8780 6897
85528949 5086 1966
97733181 7402 9775
85528949 1064 8965
94868961 5653 3593
29964799 4850 5330
85528949 7101 7344
85528949 4543 5595
85528949 299 4175
94868961 7505 9993
85528949 8803 4004
94868961 5998 1284
94868961 7690 821
94868961 753 6545
94868961 4866 8305
82485212 9470 5707
63257730 40 2961
70849208 5700 454
14430576 8526 1227
91612195 4323 2122
29113666 6539 7854
11840774 4704 1227
63257730 3957 8735
85528949 489 3030
29004181 3723 5974
85528949 2269 8845
94868961 6707 4112
14430576 7999 3704
57608003 1613 9875
29113666 2757 5612
65176195 1381 7390
11333403 8169 3416
85528949 1552 6551
49916645 7840 6693
70849208 178 6127
39930842 2752 5766
57315783 929 9458
94868961 1406 5994
85528949 2793 2664
85528949 1453 8460
94868961 551 2674
85528949 1150 6043
83892681 2685 5718
89712625 1852 9802
85528949 1711 4514
94868961 9385 1343
85528949 7494 1849
94868961 3377 3734
85528949 5012 3101
70849208 4386 6069
85528949 617 3926
94868961 4589 1890
46518649 584 8053
94868961 7734 5256
94868961 367 4980
88892879 2488 9857
85528949 869 2569
45765684 515 946
85528949 5701 5752
65176195 3520 2710
94868961 2245 4328
85528949 3398 9670
85528949 9105 5026
85528949 5741 6931
94868961 6615 2521
85528949 7497 8203
94868961 5731 1870
85528949 8005 4148
85528949 3147 2345
80703950 7081 7546
70849208 3112 4832
76644401 775 1636
67044670 4841 8590
85528949 9671 9654
70849208 5500 8182
31727858 350 287
63746681 8353 665
85528949 2058 2538
79223345 6808 1388
85528949 766 6123
94868961 3589 5238
94868961 4887 540
90313416 4930 8569
85528949 9860 3131
85528949 2862 2237
49494942 3029 7764
85528949 2938 6016
29113666 5595 6805
85528949 1030 4074
85528949 1395 1479
94868961 4887 1479
85528949 7382 4418
94868961 5748 4701
85528949 8400 8895
94868961 8715 6141
94868961 569 3288
94868961 1039 4484
94868961 696 9708
82497750 5968 2419
85528949 201 1321
68862122 7055 1636
94868961 8331 2738
94868961 4417 7073
85528949 5770 9888
85528949 2494 2327
94868961 954 1690
94868961 444 5824
85528949 3571 4419
70849208 3377 9264
94868961 6471 2540
66535016 6585 9922
82497750 2692 2312
91612195 2992 3296
82485212 3187 4434
29113666 8611 984
29113666 3073 1611
94868961 4553 1529
37725072 993 8472
85528949 7705 2152
49916645 2213 9959
94868961 7108 5374
94868961 815 7754
94868961 3982 3313
94868961 5362 7185
37643407 1138 423
96118985 9340 5647
94868961 643 7827
63057617 4191 6811
94868961 3346 6684
63057617 4923 7412
70849208 361 6480
31727858 6392 6340
94868961 3378 2359
63257730 1662 2662
85528949 2563 2116
29113666 7910 2523
85528949 5954 6694
67052190 4299 5550
45357040 3803 7411
43916296 5507 2332
94868961 1691 556
85528949 5335 8131
85528949 4573 6638
85528949 1594 9986
85528949 3405 1331
85528949 6882 910
29964799 587 311
85528949 33 1065
14430576 9966 9488
94868961 413 1328
37643407 8181 3932
67532521 5744 795
28051531 1752 8242
62279433 1003 4226
42711326 4578 8370
85528949 54 7374
70849208 1067 4057
36728735 9186 2995
94868961 88 8069
29113666 8983 4878
67044670 3017 2328
94868961 5007 7130
26617218 4225 3907
94868961 1838 377
49916645 1197 6995
81895376 2346 6759
49916645 2891 3393
63257730 1329 5133
85528949 5087 7260
85528949 1186 6686
50925984 1890 5921
94868961 6227 4255
43494347 1766 9889
81895376 5636 7414
85528949 3925 8595
85528949 549 7074
85528949 1105 9982
29113666 9968 4391
29004181 939 1485
85528949 6133 4516
91612195 3422 1782
94868961 7515 2142
94774009 5167 4208
29113666 209 3568
85528949 4770 2717
85528949 5347 9078
94868961 2834 9041
49916645 2700 1434
94868961 4595 3100
85528949 2692 9078
11840774 2852 780
85528949 6026 3073
94868961 3943 5882
85528949 3074 1144
94868961 990 1474
43494347 1474 2389
85528949 8986 9013
94868961 929 7624
85528949 4052 9339
85528949 3368 7444
85528949 2482 3439
94868961 3360 9878
39930842 9791 7747
85528949 9376 6991
97733181 6055 8321
85528949 8991 3127
94868961 9848 6922
94868961 4183 7993
85528949 2390 786
85528949 7807 3581
94868961 7509 8532
94868961 7035 3656
94868961 5897 2485
56505016 1818 9224
85528949 1721 5786
61619372 1246 8927
42970403 8717 483
85528949 2801 9271
63257730 2522 471
85528949 8289 9368
96118985 9017 5183
85528949 1298 8878
65839909 4257 1833
61619372 4257 6499
94868961 4024 4263
94868961 5477 9331
72532033 9112 2952
29113666 5092 722
94868961 6640 7603
94868961 6958 3940
94868961 960 6863
85528949 9651 5043
85528949 8300 8081
85528949 84 965
63257730 632 6540
16392206 3424 3600
71576057 3515 9061
85528949 2135 6647
63257730 7269 3164
43494347 9867 9596
85528949 3740 7216
85528949 8 7130
63257730 3651 3551
85528949 172 1450
61619372 5067 8754
85528949 5554 8498
85528949 4824 2921
94868961 7102 9735
95068636 8542 5384
91471559 9539 7592
85528949 8526 2043
63257730 172 4311
85528949 558 4811
70849208 1915 7470
94868961 658 5912
94868961 462 1793
94868961 8922 1524
8366425 4845 7075
94868961 324 922
29113666 7742 2693
94868961 5519 7470
42295356 3220 7930
90313416 9411 6966
85528949 7367 3469
85528949 4756 7604
85528949 2291 7074
85528949 4990 698
85528949 1839 3082
85528949 3086 6366
30873444 1212 2317
85528949 3119 2367
32703392 6742 6109
94868961 915 785
94868961 9383 4935
29004181 8398 7658
39663677 5320 5407
94868961 4819 4582
85528949 2555 6880
70849208 3776 7448
91612195 7708 4101
85528949 7532 7390
94868961 8167 1039
85528949 43 9140
85528949 7231 1837
94868961 3328 195
85528949 8348 9621
2897178 6625 5517
28051531 5646 3138
28051531 1687 9632
70849208 8154 6654
94868961 7197 1373
94868961 1022 6377
29113666 4605 2777
94868961 2038 3248
85528949 8205 700
85528949 681 8548
29113666 3009 4713
85528949 3378 8915
47182399 5581 3465
90313416 5294 1200
47091035 9506 8540
32703392 7874 1585
85528949 8058 4798
3396658 6411 1607
29113666 8737 5809
37643407 6815 7054
85528949 6713 7696
63257730 42 1977
63057617 1542 4332
85528949 8193 1955
37725072 4713 7260
85528949 9351 6967
85528949 2290 879
28051531 5321 2497
94868961 3565 699
32703392 5174 6960
94868961 1621 5650
63257730 7236 8425
85528949 5747 1418
63257730 5276 4730
94868961 2568 6282
70849208 7910 6130
94868961 5717 4345
63690524 3127 7199
94868961 5191 7062
50925984 60 7653
94868961 6077 507
45765684 7882 8593
66715885 997 5692
14430576 6464 9709
91612195 3610 1520
29076899 6838 9137
85528949 4538 7418
94868961 9313 4036
94868961 9095 1388
70849208 9228 4583
85528949 3190 5924
94868961 4921 9546
85528949 2644 5555
85528949 7190 7302
94868961 3281 7323
94868961 3090 2784
8366425 4962 7975
85528949 9878 6747
60544582 544 9326
94868961 1660 8725
94868961 3274 1593
85528949 4917 7135
94868961 1174 5026
94868961 6566 4514
94868961 8666 100
94868961 5683 8829
85528949 7001 221
69798497 4188 1442
70849208 9257 3277
94868961 148 7228
70849208 6872 3676
88354054 5745 2116
94868961 9792 4625
70849208 4184 4913
60544582 218 9061
85528949 1538 5317
85528949 5627 1554
70849208 3675 1125
94868961 6557 736
35246283 3850 8503
28676578 7376 6297
85528949 6279 2717
85528949 6001 736
49916645 4030 9728
85528949 3062 7559
