100
3 302
3 485
1 101
65 121
1 122
1 104
384 742
921 939
10 120
66 243
1 1000
7 742
1 109
3 121
1 5
741 788
3 65
592 754
85 555
145 340
2 653
532 861
1 10
65 485
484 484
601 821
120 803
483 485
1 1
7 121
7 9
122 483
61 401
1 302
272 647
121 485
8 65
1 2
21 484
3 5
384 484
484 742
470 817
135 243
280 645
1 221
1 65
65 122
121 584
120 122
8 9
4 484
1 9
3 10
9 485
3 4
100 1000
815 942
1 6
7 109
144 869
8 584
384 485
135 448
121 484
1 485
215 312
493 908
432 877
65 484
71 576
227 575
122 1000
3 6
303 484
65 221
9 10
120 420
285 936
4 65
7 485
382 622
1 4
317 970
121 121
1 742
4 302
142 301
3 104
120 584
9 121
629 849
7 302
21 122
4 742
303 584
1 584
259 970
8 10
235 773
