100
9522
1579
6131
1263
1734
6514
2680
2648
3125
3236
5138
10629
5176
2968
9056
2203
2964
3580
5753
2421
11762
6665
3534
5457
3710
9290
9888
12108
7469
4222
11106
7803
8082
3820
11088
13051
4850
8983
7920
13339
12310
4594
10615
10857
5969
6421
8448
14441
6355
11537
11864
7533
5629
13025
14829
12034
10326
14161
7401
11271
13566
15427
10089
7188
10129
14448
7731
9864
12653
10876
15047
15747
14840
8733
7605
7606
12508
14557
14191
8119
9476
16014
8512
12441
17580
9325
9710
14860
17171
15258
11036
9985
9572
10151
12163
11888
13526
13599
19379
9933
