1000
1267
1891
725
1145
1876
740
1842
1598
1861
1336
1650
1892
518
1154
831
550
1741
1160
1287
1601
1941
776
723
2000
939
1969
1724
26
225
864
1764
967
1673
564
1802
1166
1148
1048
365
1964
540
1225
1812
204
496
387
1164
410
691
511
1462
1838
1807
1671
1327
1684
890
1077
471
378
682
943
1809
1834
959
303
133
533
974
1596
1938
314
131
1080
457
1468
1432
185
1346
1800
537
447
1203
1134
1266
659
896
481
250
1978
1604
1283
1616
1654
1255
619
1886
453
98
1793
1206
1364
1854
1376
1278
116
1804
1337
1332
1833
983
370
643
1448
552
1728
1786
1657
1865
1649
1801
1981
24
155
88
936
1606
273
498
951
1923
984
534
1319
899
1395
261
145
1211
1265
1599
1068
357
977
1999
856
339
1175
732
90
500
661
1209
297
1961
127
473
418
1762
789
28
1721
1580
1575
1238
783
101
1760
1607
1848
1151
694
954
764
1087
971
752
97
1629
530
1714
1471
413
1602
228
1072
1490
1222
1648
647
25
1905
424
262
1198
793
1312
359
577
1437
308
333
1495
1966
142
921
354
388
1356
799
750
734
1933
876
159
398
1470
1794
560
893
1921
743
299
1975
536
1466
1772
1407
412
1452
1326
1066
996
1373
1806
1847
369
1541
775
1338
1286
1916
966
1584
1670
1269
240
955
1316
256
670
1791
840
940
698
1158
887
901
949
425
313
620
1036
1758
30
995
294
1947
214
170
637
1138
1642
865
452
1320
1655
355
1521
95
1305
826
922
419
427
231
745
616
115
700
1188
136
209
373
46
1284
1082
1418
484
1544
151
1093
1871
1254
149
1936
1339
1738
1025
505
224
281
489
648
84
402
1479
628
397
469
1535
1542
121
407
220
981
1501
1385
181
808
1787
1378
1878
1803
553
34
455
259
1815
631
1459
1187
232
189
952
17
1687
1875
367
348
1297
851
636
1992
1845
848
1186
1676
1282
828
736
1503
779
436
1018
1663
1948
1744
892
1668
558
768
111
997
75
1420
245
516
1214
253
1661
1569
1362
219
542
782
1614
622
1538
1097
1398
1015
1693
1753
264
1708
1419
642
1040
1124
881
200
1285
1092
777
363
277
1456
1641
472
298
1841
1279
1299
379
880
559
429
1972
1746
1057
1313
1182
786
1204
1592
883
179
1424
847
668
605
1455
1704
1927
1191
557
1896
686
1358
252
222
1855
753
1454
86
1194
353
396
285
675
1300
1990
1605
1645
1372
894
1010
665
56
1308
850
1698
192
1826
658
10
1363
1603
862
813
568
614
291
1440
897
1422
19
411
29
1808
382
1331
1915
1885
689
1039
1491
509
53
656
926
172
507
1391
394
1165
1228
1460
1353
580
1774
1850
1733
21
1098
1551
1900
1017
271
612
791
744
276
521
1027
935
1672
329
807
908
1288
796
70
1553
1965
57
1361
1053
77
1023
109
1626
748
1719
393
106
1914
1751
1924
596
1248
609
834
724
430
1534
289
156
617
1075
1662
1798
1034
150
567
380
515
584
274
1839
1740
739
1113
1449
1920
759
1070
208
309
449
1427
1213
918
381
1374
454
1242
1084
1864
879
215
1235
1742
761
1106
1301
165
1090
1611
346
1012
1957
1930
1903
1120
1754
146
416
709
1613
833
1371
599
468
1777
1500
1291
733
635
1499
968
1956
1271
137
206
1987
1172
361
1739
934
1365
1081
1797
1247
989
1212
1307
1508
1041
1386
1079
1122
284
747
431
11
147
904
956
510
790
1159
1216
1745
1707
1379
1400
196
1425
929
589
970
340
492
1590
916
629
874
645
1343
1315
1323
554
1683
1368
1475
1624
1328
1024
654
1472
275
349
1396
487
802
177
1112
846
1857
1102
344
1827
89
1153
1869
1352
278
602
1799
1007
972
519
539
1971
1870
1069
374
1628
522
476
1441
885
1171
1031
998
1585
69
701
404
1980
755
1568
886
1117
251
182
910
1399
1901
1045
1729
1221
1241
561
1863
1436
1937
1261
459
290
1268
1463
300
835
1003
187
1586
1819
389
1458
728
1318
194
305
66
1333
869
866
1576
640
1428
1548
1959
979
1417
1303
408
306
604
1485
641
81
1549
1656
1208
1105
649
1220
1813
153
1898
1123
1779
1001
490
1060
1351
1814
1632
1949
347
710
376
1595
1101
692
1899
1439
288
1711
1678
574
898
1056
258
203
1409
1651
1049
958
1681
1016
123
337
1630
1570
1647
889
986
601
1572
183
1866
1550
1028
415
819
861
1219
246
857
1181
633
1118
551
1253
1543
1249
817
1781
1843
1567
760
1559
1289
1706
742
7
524
1355
569
1911
1263
756
583
1125
1922
154
823
1717
1058
1785
420
141
1677
1340
1991
944
679
1609
1002
680
456
1061
1322
1634
443
1487
1132
804
1100
506
322
1442
110
1725
1139
105
854
800
1694
1457
1179
139
717
1394
1571
1224
749
1825
820
726
1390
391
1260
307
1515
844
345
1304
43
226
1773
842
1718
1430
1574
5
1646
242
722
119
1873
269
1150
293
1778
463
737
841
907
1531
531
78
125
1977
1578
1667
788
1210
1759
1321
1347
1423
1416
906
1290
526
1354
838
1412
477
1664
1375
1274
930
845
178
1789
1240
1047
1788
1867
1699
839
1775
634
809
1295
239
623
64
613
1709
1537
312
1880
1199
1217
195
1895
875
663
202
44
128
327
434
646
1768
1162
621
1615
1202
1872
1161
1401
467
260
821
784
1811
1234
36
1067
1581
1184
1516
