200
351
318
172
131
199
32
200
178
122
262
150
30
167
201
206
234
365
89
26
277
355
236
378
280
174
9
15
23
400
302
48
222
130
292
112
300
182
349
87
271
308
237
44
92
286
392
231
54
121
303
208
136
5
244
113
306
19
98
346
344
145
190
22
103
117
224
79
321
51
157
389
395
298
252
17
153
284
343
107
133
186
82
193
177
63
95
370
267
179
312
339
160
171
18
364
196
322
70
97
226
191
108
12
369
105
289
142
376
210
269
46
43
47
216
143
260
159
165
36
304
296
3
156
266
45
335
176
187
71
65
240
332
348
338
329
285
273
324
309
139
138
361
162
144
274
315
290
31
359
134
168
78
367
360
278
275
297
27
52
320
34
148
158
83
166
225
340
342
10
49
313
221
396
184
101
323
118
21
39
330
212
270
239
189
211
397
358
250
264
350
357
227
69
81
76
90
13
56
195
386
