400
316
364
469
456
600
90
76
758
462
363
354
368
112
41
560
134
533
707
355
39
502
54
448
615
101
464
123
646
721
577
397
499
698
678
269
606
163
294
17
491
204
752
547
270
140
452
2
782
376
348
312
127
570
190
742
693
31
332
55
229
637
343
352
781
800
625
166
257
458
791
46
48
165
369
616
42
581
474
152
541
132
244
674
259
716
569
437
405
544
490
213
466
215
237
314
317
690
708
438
108
291
622
281
260
56
798
540
694
654
144
267
36
114
367
657
775
199
93
298
235
417
389
200
194
68
475
86
741
717
102
797
780
333
223
381
153
28
563
453
198
527
287
186
409
602
633
169
81
794
175
208
725
500
335
524
377
89
546
661
762
9
624
255
455
307
263
728
156
8
297
51
24
109
488
67
158
326
700
688
705
151
248
97
424
537
548
609
306
197
687
282
420
489
214
327
572
732
522
386
131
523
663
94
300
44
133
591
384
788
117
396
428
670
574
339
241
321
64
608
757
149
555
70
740
277
38
512
553
550
145
311
130
73
461
496
360
265
393
99
696
233
69
566
485
483
447
252
221
275
573
734
792
16
218
119
590
323
222
226
632
336
419
251
421
613
406
288
379
771
684
731
765
607
749
513
520
656
649
620
498
30
246
268
239
391
98
665
552
611
442
258
712
783
143
423
697
353
508
642
562
58
422
636
454
427
224
322
154
172
471
482
118
120
387
242
575
14
443
501
106
187
723
302
554
111
380
612
359
412
720
436
630
691
584
210
542
338
146
785
43
643
280
650
662
29
760
755
148
539
796
254
350
329
202
799
40
181
399
795
398
651
341
776
753
686
738
34
543
47
750
557
402
737
295
718
445
413
319
772
23
45
209
207
262
115
617
201
26
74
266
13
627
729
256
243
33
735
580
138
699
