500
984
198
445
539
730
671
369
498
62
953
557
506
86
364
911
37
719
329
345
503
635
604
477
624
858
424
21
453
518
173
249
578
821
436
295
29
339
223
934
32
343
694
109
866
753
20
716
193
410
867
170
926
508
258
93
120
982
561
688
537
874
875
969
857
799
837
387
311
948
422
514
661
623
186
871
943
687
14
412
180
297
727
114
1
136
888
517
417
496
781
665
115
803
188
411
683
342
944
181
153
722
606
27
744
73
105
356
337
23
826
564
710
869
184
275
970
497
132
89
706
149
380
939
148
695
746
847
382
355
376
16
553
182
833
587
785
973
902
211
715
519
811
83
158
860
433
848
828
721
405
680
733
536
201
784
816
588
756
684
627
289
667
301
885
559
677
676
792
862
400
415
968
605
5
960
401
897
248
589
749
84
77
81
819
613
581
256
957
490
887
800
474
648
325
373
747
396
823
313
840
349
247
832
475
253
600
991
558
102
586
435
681
662
521
552
134
213
58
660
547
208
920
702
565
603
98
163
842
178
748
931
550
779
947
831
704
359
171
499
38
220
802
456
312
997
328
836
666
510
354
717
526
377
205
849
995
936
419
7
579
963
994
993
463
846
835
443
583
690
87
151
245
659
319
798
344
363
44
353
965
859
458
46
286
341
144
137
11
91
646
599
601
760
896
990
893
812
520
755
121
15
979
574
633
650
898
432
872
829
701
700
568
2
416
51
692
513
169
236
597
361
282
942
576
334
790
668
569
45
243
682
820
48
440
321
304
865
959
658
640
754
590
515
146
227
252
670
212
935
761
79
778
347
147
767
532
66
775
28
52
444
776
294
112
967
529
909
615
563
723
305
159
741
296
522
774
678
431
119
656
596
770
24
669
838
697
473
133
974
9
139
752
988
260
962
126
92
327
454
915
462
318
530
906
57
391
244
488
845
531
890
156
22
524
940
470
214
379
464
814
905
468
172
566
125
533
927
455
853
645
40
492
825
736
452
425
446
78
428
817
394
839
696
61
548
810
720
97
525
8
986
703
269
992
951
263
928
883
807
622
903
302
567
351
657
647
879
64
414
551
165
95
67
135
272
10
644
210
861
641
864
459
626
895
226
964
469
544
653
757
786
479
390
901
795
108
998
751
113
264
