900
163
1195
18
1309
586
1388
295
461
1500
1294
237
1164
63
413
280
68
997
1367
418
177
731
1394
1727
410
929
1268
1273
1631
347
571
1755
820
187
734
543
460
868
1580
1188
1167
363
711
1754
1107
1457
1289
594
92
200
1051
754
1462
507
190
813
678
1554
1482
1400
1560
1539
1120
1752
1335
289
182
234
1480
1630
1016
353
1172
964
156
655
1300
129
772
1484
657
835
69
692
640
1031
847
1466
252
708
947
1497
777
86
1561
1062
928
1313
386
967
1785
245
850
349
1082
1269
244
875
1545
87
511
1610
331
83
925
1109
405
1581
299
242
709
665
138
1377
1716
348
1427
1280
132
749
1642
771
1244
431
1637
1593
1398
625
1036
561
1359
884
1701
399
775
288
1667
325
64
485
1302
547
340
1121
81
857
1587
1380
139
635
194
28
1358
1705
21
384
1547
1138
1379
1216
1156
1312
1574
73
1490
1473
468
205
240
1778
390
1566
1661
1140
75
1674
923
294
174
211
1160
388
1776
893
320
691
552
220
1679
942
932
1150
250
1627
146
874
1399
262
636
1298
1487
587
649
1001
1029
1472
1072
1065
1261
198
148
412
210
375
546
559
1141
229
1791
1690
922
285
71
761
1742
1691
104
536
1440
141
186
1263
433
846
623
1421
966
1797
1038
1408
1641
1233
654
802
898
1478
1433
786
1039
1666
1447
1694
706
1364
1562
768
827
1669
1495
1055
122
1740
774
643
676
1494
465
1729
324
1736
134
84
137
1415
1719
1789
1291
1010
1346
953
959
1760
367
1711
1608
523
960
328
1774
184
33
1612
209
55
1773
542
859
36
1252
705
1395
1410
364
259
1069
682
894
1652
1056
277
1575
1585
1363
567
1737
1435
725
1626
1572
1781
1171
1538
1493
828
147
1132
849
161
212
110
160
1383
1087
562
1018
809
1583
724
589
261
392
274
999
481
1044
27
1158
905
702
1304
617
882
605
686
726
95
1259
506
1704
808
1235
570
1106
1720
221
972
1744
1227
1209
58
345
1625
1577
1223
217
1049
354
588
1349
965
984
1576
1592
1721
1417
149
112
1266
296
597
395
1183
538
1282
56
1718
319
927
1492
526
541
521
1248
254
1600
1570
1192
1005
876
568
125
1800
1345
885
309
1025
154
1096
1297
1354
729
1498
1100
490
1683
1703
1739
1059
998
1170
832
1557
355
1548
1757
1308
913
901
1555
569
578
39
620
717
1315
673
1467
389
1568
630
1218
600
419
1420
486
313
1611
1758
423
54
445
191
971
1586
1684
767
99
1228
908
1196
123
1782
1624
766
380
503
1695
1751
995
1635
524
1665
951
789
243
1137
263
57
1461
1638
989
1764
952
1288
1372
1330
67
577
172
679
1509
1534
467
303
856
1573
1208
1606
1392
1226
1319
185
38
721
1299
417
108
1305
1790
551
981
284
1166
1786
639
1522
227
1355
196
1668
831
143
1406
1452
940
1725
453
742
899
540
515
693
298
900
1094
744
307
151
1601
1779
1237
810
864
1517
642
1009
906
751
1503
1272
632
747
385
91
517
1007
46
1131
1643
1136
169
710
611
1199
776
1256
1525
1458
641
495
1250
76
728
1526
739
1777
748
1145
326
1079
1198
480
1336
1050
1431
1762
11
275
773
474
362
1745
1011
456
400
1411
869
780
712
496
1334
53
647
1344
1193
271
1047
1083
1508
886
1153
616
1543
216
165
420
267
970
297
1681
958
1798
504
1529
51
516
1521
1780
1168
100
1655
1783
223
756
1731
855
1647
609
1648
116
115
1528
1771
1211
531
969
1451
782
1060
23
829
1607
8
1220
78
822
77
993
1262
1621
502
700
853
1326
473
1689
264
1723
1699
1343
361
441
878
1506
1629
745
1303
1536
1128
464
1442
1401
1375
166
943
1413
1365
815
1692
740
939
101
416
1373
301
1293
70
1424
792
61
992
631
715
1279
1378
1710
1614
65
1799
624
352
1419
478
1407
1533
437
207
342
1327
403
19
1210
558
6
1324
1672
574
1135
1076
842
425
1623
489
1247
1003
918
1157
42
344
1071
598
206
1589
228
1384
788
26
31
889
106
806
1287
514
74
411
49
1033
273
1726
1465
902
1429
763
1177
103
477
520
93
1194
247
554
1544
795
109
449
720
1389
1281
595
114
764
862
1369
124
1201
1091
917
1649
845
590
10
173
881
255
1130
1149
513
1445
1054
1271
1416
888
317
1697
1571
1292
208
1784
238
956
1340
1290
1455
236
1048
458
762
1339
398
1715
553
218
566
287
1565
136
290
1175
1448
784
719
1329
1486
126
785
260
1479
7
222
938
1670
34
5
1020
1219
950
427
1179
231
599
738
1654
421
1182
661
1708
472
612
627
248
1139
804
1520
1317
580
596
1402
1245
975
1370
1489
1676
155
841
651
175
4
837
983
637
1450
