1200
1204
481
550
730
2299
2168
604
2069
2039
689
418
1369
138
920
1250
885
1480
377
1036
2189
917
1729
1545
2293
1918
865
177
1671
672
638
187
1169
47
1907
1101
1098
557
1323
382
784
1630
2384
516
184
2358
306
943
2281
1604
2330
1398
2235
2075
1040
1112
28
598
69
334
2256
1638
2244
450
34
179
2070
2252
659
411
1465
1836
238
758
602
2087
248
1144
137
924
818
759
1419
817
2023
658
1409
1008
627
1370
927
1106
1315
503
1681
887
1089
1985
1767
1306
847
2024
896
1344
1163
221
452
1438
255
2004
2133
23
12
1475
1715
1735
2111
2159
1662
724
2006
370
2098
1192
1618
401
1476
2137
1127
1468
898
1057
1331
408
1525
1003
154
2340
1804
1365
1011
1959
1125
1782
1790
863
2104
88
930
1898
2109
613
822
675
421
78
1216
1731
1117
1740
680
2117
1719
102
969
796
1016
2058
1683
2247
535
696
2298
525
761
2215
2251
1981
1935
2278
135
41
771
1450
868
2307
257
339
954
1756
2147
17
1590
906
575
1536
2179
2028
533
1558
189
332
486
270
295
1930
317
217
1118
1360
801
262
1596
2237
1497
416
687
1276
2052
1857
968
1321
1609
1915
1209
2140
779
1765
899
497
1637
82
2009
1548
783
1617
2381
1949
279
1597
1316
1968
748
1611
237
1349
2292
1680
2373
211
473
1990
559
2161
1865
1171
1372
2372
269
1218
2046
2263
1911
1348
191
1643
558
1129
2103
545
1655
940
665
1441
1648
1219
459
1146
2201
1904
1724
2243
1328
1284
340
685
2051
2196
591
1896
2078
2066
1382
1249
234
1586
1711
1659
1703
443
523
383
1006
1277
1964
762
1626
1395
163
98
520
236
1300
900
1046
364
592
568
1207
1658
2387
2400
1539
1569
1266
384
2283
2308
1023
915
1012
5
1238
1063
1997
1929
451
1259
2119
1185
1605
1160
73
542
2083
1778
1851
2017
2260
2361
1570
1862
815
1026
1403
2026
1584
506
688
1109
2253
1223
661
1139
2266
198
72
1786
694
476
654
398
2077
60
1190
628
538
50
1227
1314
149
1148
981
1699
150
213
848
1777
524
381
1544
1537
1623
994
1048
92
2007
1923
275
1931
567
214
1449
836
240
1512
1141
2035
2230
1131
1883
243
1200
1754
1943
977
1661
1844
2195
1751
739
33
2323
388
2013
841
1894
645
2291
936
1792
933
2136
1842
1560
1242
872
425
647
926
434
874
2008
1467
1766
1621
810
2123
564
978
639
341
76
709
2248
1103
1793
1339
296
877
1043
880
396
18
431
391
2162
581
1812
1932
1380
2286
11
1838
44
1445
1215
1414
833
1568
2086
799
1105
923
1745
1734
1654
1701
1383
1519
1692
67
543
144
1478
1150
66
905
1135
849
1642
1732
2165
727
1212
507
46
776
2362
96
2233
1828
207
668
1515
982
1941
1895
1902
330
1073
1802
2306
1542
1677
173
1061
914
428
27
1531
965
1763
441
2320
2067
1944
2208
202
1352
410
1472
1858
1231
1839
1375
706
2313
2371
1031
853
1214
1202
157
1347
112
1281
835
554
1452
2177
832
2335
985
2113
717
1119
259
1310
1926
51
185
380
318
869
1455
2114
747
2265
562
1381
1303
1508
54
1346
843
1028
2192
512
653
2180
532
37
1229
2242
711
209
1832
2389
719
1053
1426
995
732
1275
1444
1052
4
1549
514
407
156
1417
1000
2262
1245
1868
488
2378
803
828
792
432
455
1433
485
2270
714
670
1265
1004
414
2304
577
1345
834
1090
813
2370
1694
2240
2190
782
1282
2173
314
939
343
1551
1664
1807
1636
1772
281
946
806
2045
1325
1707
2324
998
889
359
2360
1702
2379
560
200
1495
232
1051
1892
561
657
1080
777
1336
1298
578
2345
1355
86
1942
1361
62
1687
1910
227
583
1843
1377
1078
1082
1819
166
952
963
1760
1469
2094
1555
574
29
258
84
1927
1666
1506
1406
2096
378
1083
780
2219
2348
1273
1437
43
517
1244
679
190
1575
230
2275
1257
2202
1970
91
1815
124
2025
1824
1019
1872
1547
2118
610
1364
1439
541
2305
1628
2346
1189
1126
2375
1818
1085
1418
1477
99
1142
1401
1047
1579
430
1813
522
2131
477
884
472
530
424
1287
436
1253
778
1954
515
1657
245
1720
1164
2210
1496
312
1492
1293
2166
1809
1773
1379
1186
774
1684
625
2043
321
87
1188
1695
941
457
1513
292
2271
1620
7
1660
733
59
2092
1909
556
1581
1901
1020
1962
816
1442
1428
2132
2056
26
1246
70
599
1860
101
345
2036
808
1454
746
1576
1297
397
752
2116
2158
423
1594
417
1461
2082
2059
2042
499
2011
1526
992
180
1111
646
2349
754
2097
1288
620
1283
458
931
945
122
972
2272
1434
622
812
702
1482
1179
142
2020
1296
1115
829
916
669
2184
890
911
697
1084
2084
1511
2074
1183
1181
183
838
1744
873
241
1653
907
271
1800
1561
1875
676
856
2015
305
2062
1363
1397
1166
2156
409
107
422
1704
1494
316
1612
1679
181
819
1302
976
165
641
1137
276
2095
722
1565
840
1116
1289
827
601
1132
2336
2391
1481
1359
1595
996
2110
617
999
1032
286
2353
1143
763
2213
2342
103
2217
510
2287
1070
2229
1587
133
1779
1993
456
937
2044
1415
2327
1122
1834
765
2186
1741
858
1989
2164
1588
1341
2198
1206
2366
95
1574
1798
1489
743
894
1774
2382
824
2369
1706
1154
1239
1975
736
1535
2124
498
572
2289
1152
1196
490
298
328
925
2187
2199
1999
1670
1059
821
1891
624
1025
569
1491
464
2054
2211
468
1184
1064
1859
942
703
1599
2079
1690
1292
1136
2290
986
1781
1161
2395
480
636
116
2295
385
1600
188
1917
715
68
192
147
2005
859
1039
767
1332
723
1483
1603
1978
2174
1845
1208
406
1435
1509
308
2337
2115
1274
1195
521
1667
2236
918
1726
1488
1776
993
539
1017
1534
1633
2386
652
1133
2267
453
2002
203
1327
903
2328
967
1698
1652
403
787
2316
1762
2016
491
283
201
347
2010
2128
1722
1424
1861
793
1261
1373
1966
958
1705
1421
1890
1138
109
1771
1262
2220
1092
1205
607
997
1054
1194
1852
2030
1578
2226
1769
42
2076
2322
1866
85
1507
216
2183
170
846
1750
757
288
49
2326
444
1647
842
282
2134
1410
75
1182
2081
2303
267
974
1474
1826
2032
164
612
1091
590
1225
1737
210
789
609
1400
134
469
461
540
1794
268
119
1294
250
769
2127
2365
642
2364
938
2071
1228
419
1624
496
1969
1027
1024
681
1500
704
2239
547
1503
161
1593
21
89
2060
1399
1342
1460
573
1725
1391
