1700
3095
2628
123
2416
3275
2377
1555
3214
2292
1613
1887
2206
181
2260
3186
2980
1498
562
1316
2795
2572
2251
1897
3372
760
2609
2936
3005
1599
1549
2224
3277
459
657
2670
2149
2783
1478
3013
3400
2858
2805
971
914
2100
2957
1297
2671
1303
413
2102
1331
290
2954
1771
719
1877
1041
1445
1364
1603
646
3163
797
808
2154
199
3002
1530
933
262
2290
2876
465
1523
1085
1609
898
2688
781
1908
1551
2438
680
1741
3097
2930
1881
3166
2222
1334
1365
923
2617
757
16
1219
3121
527
683
1531
1864
197
2096
2452
1218
3133
2755
674
1602
1642
2466
3076
847
913
1974
973
665
2253
1764
3081
979
1403
1434
998
1750
818
1901
1144
162
1099
1971
564
1533
6
2350
470
1981
310
1013
2130
243
22
184
2151
1274
2299
2050
3227
3239
415
1680
152
417
950
1649
1224
239
1168
749
3123
2111
1504
666
897
2243
2768
2882
3333
810
49
833
2471
1267
574
1868
698
2587
136
1208
1608
3310
3050
2826
823
1719
166
3160
1876
759
3088
3185
2759
2486
2397
1439
29
700
955
1923
483
1335
2740
1692
995
3247
1697
1095
706
932
1336
445
441
3129
1600
1982
2802
2113
613
1559
1997
450
1432
2886
1950
82
2729
2321
1347
3384
2396
2043
1638
2662
3209
1583
1367
2870
976
186
231
2799
343
915
2483
1471
3373
3094
3349
864
567
2781
1842
2269
2081
1424
1784
1253
335
1711
1918
1485
2358
1916
1017
1191
2168
1388
1404
2953
2706
1102
3150
383
2984
2250
2278
1302
855
322
2493
720
2082
1667
111
1601
2728
1048
2360
875
2484
640
2053
1014
2381
3018
3210
251
3053
626
2524
1149
2708
3034
212
874
3383
2403
3351
919
144
2753
1062
167
408
2674
1435
3249
59
3027
1976
1171
2634
498
607
766
2914
990
1992
3354
1643
2750
2443
1027
1042
755
1120
95
2925
1329
509
1726
2268
12
3202
219
1252
2346
2009
3387
1182
2986
2839
2917
2780
651
2565
3091
1765
333
1567
1914
2000
712
1323
180
1845
896
1968
3044
1380
3318
3171
128
1836
1637
2105
2944
934
1808
2714
1895
2745
2540
1904
610
1055
1116
1098
1787
738
1446
2425
1540
350
758
697
1882
1565
740
639
2457
2965
1145
2742
3222
2370
1521
489
462
1840
534
2090
1136
256
787
2160
2386
3079
1428
3055
284
3090
3224
2152
1045
1315
3085
1259
1137
2608
966
1952
1050
278
2658
2810
2752
1632
996
177
1538
1140
1292
2916
1431
1039
2313
3131
2225
346
690
1124
1647
448
304
1413
2298
2101
771
2521
1879
2343
2159
3355
3340
1477
1489
763
699
1034
3399
1421
2301
2441
2751
1850
1770
1575
3397
1001
1496
1557
3211
382
2932
1812
141
843
2288
939
1925
242
285
1353
1215
1425
945
3057
1237
2734
2505
126
1766
1260
1251
1902
2254
1539
1919
316
1737
2464
3361
1658
1893
514
3235
488
1087
2683
263
3138
357
604
2660
1064
2242
2125
3077
1687
1909
1619
330
1786
2622
1763
8
260
9
2650
70
602
2741
2382
1581
789
2616
1479
1969
2287
1712
366
752
2279
1664
3175
2746
1141
1402
2976
1709
3017
2987
289
1072
3298
1569
332
3007
1834
1785
978
1867
710
1294
658
2436
2531
2128
1618
1511
663
2010
3343
2049
2315
577
2167
490
2632
628
2748
3004
1823
1751
1723
3128
982
1451
92
616
2923
1685
2591
1943
355
2089
2563
2086
1296
1690
188
77
2959
156
2843
2333
2679
2535
1044
2663
110
900
736
1900
956
2998
2028
1242
1824
2209
751
493
1239
1155
1093
455
2578
2504
2849
1701
2056
3140
1465
1988
1951
3155
1964
2228
329
1158
112
2094
2280
3294
1415
3139
347
679
671
3162
627
2974
131
1915
794
1288
2309
516
2189
3096
2006
2977
375
796
852
1665
715
2952
66
815
2989
1628
1645
1162
2813
2672
728
116
183
1057
2244
1516
742
2675
267
400
2992
2779
398
3154
191
669
3141
3253
1749
3270
381
2008
2673
1550
476
1386
1374
2104
3316
2291
2861
2789
2553
838
1373
2003
540
1103
511
1043
1318
3036
851
2567
2145
3159
241
1472
352
1338
307
3047
2927
2738
3306
817
5
1063
1779
2554
3346
3223
637
1097
1131
160
1049
279
2055
929
302
1282
3066
2390
2618
124
2201
2444
2508
1989
2700
676
2595
3236
1772
2758
2163
1891
491
2705
1931
619
2601
2512
1595
539
1607
2203
762
3321
1345
3058
189
365
3314
811
3
2872
1604
2229
561
429
2048
122
2259
2731
2131
1249
2513
25
2678
2879
1161
770
776
148
3220
2777
2319
469
647
1308
2687
1866
33
1566
1696
1666
2302
2150
1383
1313
2258
530
753
1031
1830
2743
1624
609
569
1311
1673
1310
805
1798
1936
193
780
2329
983
1578
2476
3228
1056
1526
2061
19
3146
2462
881
1455
114
2625
1026
1306
2196
2332
3374
1627
2489
15
3115
1005
2676
2749
2545
731
1328
28
2909
2651
1656
173
3338
2614
806
229
1804
2955
1222
1284
2868
704
2791
2375
2143
3256
103
2883
1910
1825
3087
1822
1372
821
1520
2281
1728
1022
2345
2945
1907
3348
2764
1275
506
2307
3357
2960
2786
2156
1572
3341
1993
3181
2776
1589
3137
947
496
935
1849
2087
3023
877
1354
3285
2135
2592
2828
2075
1254
918
344
2266
2543
2667
2170
1676
2139
3180
617
129
2982
557
195
277
3246
1142
161
2359
631
618
925
2351
873
1875
886
799
1369
1273
2648
2481
283
868
2025
518
2900
1165
2557
2695
624
2106
1482
3204
1738
1194
2175
179
3182
633
2893
682
1437
2393
1188
1806
2162
2785
1736
2383
2322
1792
2908
1938
2272
2465
3026
1978
175
232
2860
1258
1648
2889
529
2428
276
1024
2498
3358
3389
497
623
3208
2157
784
1947
371
1591
1518
1179
2261
1886
1037
1342
867
1481
1422
2034
339
790
3369
2392
2432
1524
1960
2233
3009
2640
1650
1503
3255
1512
2804
2116
388
435
1225
3392
2807
142
940
2482
1135
1350
1163
3119
3173
3278
2935
3014
764
3201
1490
3365
3083
3307
1686
1894
1458
190
1558
143
1959
2652
1450
2834
2823
2132
2255
1061
2448
348
2744
1746
403
1467
1230
650
2497
1944
2677
137
1084
2305
2267
1068
594
3219
1070
3165
2698
2018
1322
486
1899
2715
3199
1725
1683
1112
3257
3234
2472
2374
1778
1678
1544
228
1605
313
2778
2814
605
244
2395
374
685
2485
2274
1682
359
1204
3271
272
1972
2277
3134
1777
1299
1003
1679
1903
2850
311
2757
1058
1957
3118
1761
3381
882
1291
1405
2613
1075
363
2115
1091
76
2073
1586
689
3062
3295
2338
1392
860
3393
1212
3212
338
2760
3352
1828
2127
722
1693
2979
3297
1355
105
587
101
2599
887
2864
2213
294
3300
1810
2818
2855
1423
2091
1856
3396
677
13
884
2015
2114
447
531
2500
1843
3192
2385
2146
1466
51
467
571
2417
473
2283
2975
2824
1053
662
1748
853
1917
2454
182
1762
791
1195
249
2467
1419
2733
2057
321
2915
842
2342
1577
2710
2246
503
437
549
2046
2857
839
2552
2730
2584
2583
1202
1966
2347
2680
443
3289
3280
299
3293
119
1927
2085
2080
1932
804
629
1985
834
1562
739
1827
642
548
414
2084
2083
684
1117
510
2912
1568
1200
1129
91
2539
2499
879
3364
24
2962
2796
253
865
2179
215
1505
2590
2627
906
555
2020
1008
3350
2919
98
3135
475
2303
412
2969
1398
1801
2647
1809
2045
3377
225
523
3317
63
1768
3335
298
390
2118
583
1636
535
2456
80
987
458
1454
2413
3284
32
3107
1942
1847
2907
1515
2406
38
1105
1339
3029
280
2661
360
1459
611
93
1360
2445
261
1848
1984
2606
3144
3084
2475
2798
2724
578
582
2884
1221
3299
2409
2697
1277
288
1032
729
2722
3281
421
508
788
2787
1469
204
3161
2800
3145
2997
2582
1838
3001
2122
345
1320
2327
460
30
1956
2012
1430
2030
1384
3082
2560
3054
2110
667
3168
331
3325
1661
2241
492
201
2264
1510
2896
1668
713
1177
1233
2723
1366
3379
1229
1884
526
2387
2906
2571
466
1096
3127
2446
3101
2491
2594
1552
140
1153
1040
62
1831
2185
946
1924
3008
1980
2502
305
1172
3242
724
1199
1963
792
2137
673
1729
1799
224
2412
2218
1744
2538
981
2078
1934
565
2968
2832
2062
2852
1295
2999
2404
3267
1655
2119
701
2212
708
1104
2691
580
782
1321
206
963
850
230
1620
1256
432
46
170
2875
1109
2001
505
1019
1694
2902
2612
2549
501
1554
1615
1861
3205
3156
2458
552
2180
1146
2966
1444
3194
2134
1497
250
521
769
2897
3342
648
2527
3019
1440
2415
2401
2068
2474
2747
1714
2887
18
2769
1463
2532
2631
2455
1889
1280
2842
1734
2088
106
1740
2451
537
2574
1009
1270
2245
2664
765
2216
1100
439
1688
1389
696
1167
2239
315
2042
58
961
894
2822
3287
661
1293
233
1501
831
856
1235
1160
1529
2389
3291
846
970
2144
7
2364
3336
14
2036
2610
1216
1495
649
536
2323
1819
1395
255
2334
1494
1234
835
3030
1341
404
745
803
361
2431
3043
2372
2946
2840
1399
1994
2645
1349
517
3386
1534
494
2681
904
1870
2318
2103
40
1958
1327
3200
3339
3229
2665
2429
1499
2588
2426
2071
2211
2369
1587
2669
654
652
2328
2646
3330
2098
2542
1414
3071
121
1081
1257
2961
453
3366
1858
2210
2564
840
73
3116
899
1133
120
1871
2846
303
2257
807
1623
1025
1995
1833
2948
2181
69
2434
1622
1896
1245
406
336
1214
871
1570
364
2065
2501
