1500
1095
1647
2514
1375
35
625
173
2027
836
1732
1915
532
2731
1817
473
2793
2635
2852
561
287
2848
2324
1636
1980
1452
650
796
190
211
2051
1301
376
2010
1134
665
1868
2782
972
2994
513
1056
284
2478
126
2343
2075
2620
553
534
1578
1038
2418
844
2894
2161
2006
1562
1838
2973
1369
1591
2959
139
2293
973
2092
448
1790
1860
214
191
91
1564
1676
1643
747
2738
2551
2261
413
2627
919
391
2544
2191
2163
1650
2889
137
721
487
2123
2077
784
1302
2382
799
1651
917
96
682
888
1227
575
112
138
1471
383
1670
658
343
2483
1152
2839
2556
533
2270
2392
2531
1072
1333
1824
2303
403
1778
296
1021
2955
2280
322
2318
17
1077
1872
787
2057
433
775
2536
1996
2659
317
144
720
2325
361
604
1783
273
1809
1741
1759
2622
1377
966
2871
61
880
2632
29
581
2734
1280
2199
675
1445
2143
1067
2720
2162
1440
2698
699
2802
2194
1599
412
62
1174
2815
2373
909
2508
1813
233
1724
1843
1630
873
270
2521
157
261
831
809
1511
85
1560
583
1516
1266
707
237
2176
1166
572
2853
2062
1173
1883
359
2443
659
1595
436
985
2534
1958
2223
2480
1818
2743
2056
1314
2965
185
852
547
2597
2446
1137
637
1296
632
766
88
2024
127
563
2835
2640
2737
1350
207
1110
1289
1530
2282
623
1631
467
848
344
1937
2778
935
2570
224
421
16
2177
1711
420
1287
1234
953
2415
349
1450
2528
767
1700
1960
444
113
1014
426
301
2623
2441
1727
2771
1859
205
387
2167
2829
265
2616
1140
2781
832
2464
2370
2654
2726
382
719
1645
1639
1919
370
543
1403
1011
2268
2712
1567
1395
2169
2098
1394
2721
1799
939
329
849
1495
1004
310
1360
1498
2713
75
1971
1008
2975
2899
1663
300
2775
2545
86
691
1819
1518
1767
275
765
2047
2825
1812
963
2986
2134
635
654
643
1570
1130
206
2811
1066
323
2037
2890
90
76
2433
2591
64
2716
902
39
641
732
656
1624
170
2767
430
2821
2099
132
2642
2542
1454
2458
98
2364
1117
2203
2158
332
100
2931
6
1962
1932
1119
1610
2666
1853
2067
1361
2612
2473
1890
1111
1251
1913
1666
447
2137
2792
1190
1217
2540
2869
2741
2371
2263
704
2527
2326
2251
2598
2900
1357
2039
1165
2053
2593
2903
1381
2332
743
9
1816
1688
388
2260
2872
600
2384
2970
2363
129
925
804
309
1940
1146
915
751
2760
1199
768
942
758
1035
2605
2285
1064
25
1687
798
2688
811
2945
1420
2330
1539
1120
484
124
517
2274
938
2321
1798
489
1188
968
2086
584
2479
594
1822
1820
236
2949
2009
2149
1918
2215
834
964
460
19
1769
2909
209
47
1924
2694
1623
1514
1907
944
428
1013
2083
605
550
2195
1849
1127
482
612
2097
818
2920
1531
1839
2600
808
2561
1675
1793
2354
2753
1673
2939
2071
1147
422
2367
1760
2395
2014
2246
431
2535
523
1939
1507
564
1994
2358
2500
187
1773
2851
2087
1208
1433
123
60
510
2769
2347
1561
2153
2146
1313
2226
1334
2658
864
2484
2046
1281
908
1748
166
1501
1834
525
2732
2817
2942
2922
1326
2312
175
2652
2471
2412
1704
901
1896
1075
1489
1828
1669
1533
827
1888
2494
177
1522
697
979
1423
841
825
1306
668
764
476
1844
950
2812
2202
1459
1715
2007
1275
208
923
1050
2242
1005
2377
408
2876
792
1920
2173
2565
1089
235
2953
1429
1729
2936
1245
2752
1397
2723
1136
2091
1494
2923
1602
514
928
2967
326
2882
1692
1455
1584
1351
1486
1469
1894
2653
1123
1470
2913
621
1010
1259
684
2725
1928
1080
1057
1153
2002
2674
2530
2895
1887
2625
1112
1006
894
2537
2981
2159
771
624
244
1586
234
1708
826
2150
2847
2386
2948
1590
2800
2302
542
1654
2586
1032
2728
15
63
744
2563
2172
368
2746
2427
673
967
2927
33
1292
1196
2628
141
851
7
2126
2316
160
1184
130
756
2691
994
2151
1474
1085
1566
1270
689
293
2722
2774
645
212
40
402
2307
2779
2584
750
2602
783
2954
1393
196
2313
1617
845
445
1805
1101
1826
149
1157
351
2558
1963
2928
2432
1148
569
248
588
1104
1243
2449
2639
2257
2498
1490
251
313
1984
2830
679
373
978
2768
1679
549
1135
221
1550
2562
2460
1603
1875
2157
2515
2380
1318
432
2424
1736
2631
1593
1242
1295
2030
2072
2552
896
1541
1348
2791
2795
1789
119
2929
151
1141
1871
1751
1722
2755
1557
2391
169
974
1031
1320
705
2287
1273
134
55
552
1276
1026
741
2615
2266
1484
125
2548
372
1568
2855
357
1709
2457
1485
1925
466
2352
2522
598
731
1655
916
2345
2577
438
1175
1774
1921
1684
2641
1959
164
805
255
2833
128
2201
1585
1439
20
1966
120
2681
1944
971
2170
1854
2984
1740
866
1419
440
713
400
302
781
1662
2474
455
459
2667
1256
2082
1214
485
1189
2031
1253
739
1034
1271
469
640
2339
2962
1990
2454
1428
2751
1898
2459
790
1777
1733
72
2944
2365
537
67
951
1228
1594
24
618
1201
44
437
1554
2107
1505
304
99
1371
2957
41
2448
2960
1678
2849
240
1449
2103
1598
847
638
724
2060
531
1002
2511
110
2005
2481
2993
2491
1107
2649
2493
995
2943
1992
2121
2018
1370
1696
1753
759
746
2816
2827
1710
2259
957
1953
2650
2165
870
2141
519
2700
2115
2069
577
1519
172
2038
1118
2846
895
657
1823
288
601
2747
1653
692
78
1215
2451
245
417
1264
246
2918
1540
941
2297
568
2286
846
2136
1629
1464
1858
2805
2291
2426
1786
511
2914
2425
509
277
1180
271
2208
2868
291
1659
2979
727
356
1870
930
1012
79
411
2233
1528
1794
1987
539
1808
348
1762
800
1229
268
2978
2533
2568
2227
770
776
2864
1950
454
1900
2976
1286
1906
1070
1622
1797
1207
2860
2705
1003
711
1628
2809
1558
871
1255
812
2320
397
107
213
210
2502
2016
1658
2648
2127
1801
1866
696
493
2249
2510
475
1083
2887
587
2873
121
1784
779
2998
1830
1886
384
1261
253
1576
821
1435
574
1468
2171
1222
279
2735
1983
1488
562
969
733
502
399
788
1763
1181
1668
1573
1841
1766
2164
1523
551
1947
1151
1674
2682
1221
893
639
2376
2958
2596
1719
1399
982
1241
2113
2710
2680
184
1904
461
1407
2554
1098
997
320
1714
2656
1338
1916
1285
1063
883
610
2901
1973
890
855
2893
2192
1232
2019
77
1413
602
2997
2222
171
554
153
470
1761
501
228
282
2671
1258
2204
1373
1825
2319
980
1257
1390
2633
1097
1347
1195
1366
875
152
970
2217
2963
570
2560
2329
2175
2745
1563
1349
2296
1414
2004
1705
2080
1249
698
2614
1612
2197
2766
2238
1042
952
154
5
2168
2166
1052
986
1037
2798
1380
2866
946
2489
183
1698
1225
21
1466
198
2608
1755
1884
1587
2349
606
1223
425
2008
1596
2670
1354
1938
68
1524
2058
1344
1124
1105
690
2818
546
1718
652
769
1752
2550
2437
452
1015
1150
906
1483
1506
2278
2265
404
1943
530
2606
499
2385
2964
745
1901
457
1583
2524
386
683
730
2995
2244
1931
2336
573
984
2683
1442
2055
1936
82
1185
1876
1850
1473
1791
1933
504
989
380
2429
1252
626
712
2219
2289
2124
2328
1458
735
2824
1695
2806
1665
1881
2488
1652
933
595
59
1795
266
497
1657
886
1427
862
2476
1615
1409
2334
272
36
1113
1447
2733
407
3
1680
2695
46
1905
754
738
918
734
1001
65
752
1553
1833
1020
2372
1806
143
669
136
1156
1832
1927
1493
1071
736
524
1358
2438
1481
2414
226
559
1712
1589
1359
1796
1903
1957
2079
2669
1725
1923
158
1224
1964
38
2341
835
2678
1191
2673
269
2396
2411
1864
2106
2076
671
1967
865
2482
1497
2439
2361
1163
1646
858
13
2826
195
1036
1058
1388
8
200
1579
2637
1633
507
815
2054
619
715
1108
2389
2453
2878
2906
993
1425
703
2114
2917
385
879
2344
369
2035
1613
1144
2844
856
644
1268
2369
824
315
199
2592
922
1099
2155
934
1810
2523
1614
2985
84
706
2061
2487
616
2490
2926
2475
701
215
2836
2147
1272
118
1985
763
1521
2543
1378
2247
2843
2675
1291
1321
2213
2874
2740
2140
2517
2119
874
1076
2011
1451
182
1065
981
278
