800
866
1559
1537
434
687
1147
1513
1319
1485
299
469
202
794
534
763
922
193
703
220
1401
612
1334
1574
1013
98
752
18
307
360
864
392
857
471
119
670
1569
1199
1039
702
1168
1416
1047
305
77
1286
843
957
631
1483
1142
1169
965
629
689
990
22
237
695
63
948
1410
558
1077
1174
381
137
1123
798
881
1522
589
698
184
531
442
955
1498
578
1454
71
215
910
354
490
9
1472
348
1383
556
1150
371
628
1293
536
1179
447
1459
985
756
441
675
1177
94
1036
553
915
501
400
80
1230
1263
709
951
252
550
1275
396
1573
1347
376
770
204
1540
157
1434
1021
1549
417
987
409
1445
242
1231
999
797
1534
1484
1161
130
1583
1451
418
734
678
879
1096
1597
427
1335
1541
445
243
91
1245
20
475
785
996
1475
318
180
742
960
508
1376
808
49
1053
654
717
1419
962
555
403
1115
1556
1073
832
1290
1568
444
57
573
1025
1107
187
84
453
947
1403
1019
913
547
1517
1075
1216
1359
523
275
311
526
152
1005
771
1336
240
599
588
4
640
940
132
290
1494
253
14
781
706
1379
586
842
3
615
1594
225
100
1045
521
377
1552
1501
754
1006
188
219
1246
300
466
291
1287
131
456
1553
287
1284
964
1361
1027
1506
1193
343
483
1072
783
1314
384
862
1212
981
194
886
89
540
789
1477
1471
487
426
1181
171
1090
1235
1348
1362
743
1551
1255
1178
1240
1489
1512
1565
1406
1544
258
1248
200
976
294
148
263
858
1051
594
845
1260
872
1008
1065
1357
150
422
1577
33
766
1057
1158
930
848
172
1154
214
1268
1384
477
1265
503
1345
303
324
186
46
233
349
538
745
661
968
201
1117
1424
727
1344
433
1138
367
53
1575
891
971
210
1420
512
942
1555
565
502
1296
1511
1155
1521
1306
139
1381
357
328
884
468
1002
302
333
308
1258
81
1486
564
977
980
1418
1396
744
807
461
1429
1148
1028
517
657
1099
1505
711
1333
126
189
342
1201
1172
67
733
839
880
786
611
363
705
1060
87
108
1270
162
1329
849
869
625
595
321
169
941
868
1446
1581
391
1085
728
236
905
1382
450
73
656
373
1189
877
769
1496
511
823
830
958
961
423
297
476
1048
1589
1251
583
1023
1546
1576
815
1244
232
1035
617
1080
894
42
828
246
509
1000
1184
810
260
1208
1493
1598
1587
1242
1050
973
931
223
575
329
1449
699
795
1516
669
859
626
1341
697
507
1059
101
1417
227
1443
522
1058
945
660
746
829
1192
988
737
315
1437
213
428
1190
282
924
339
114
292
1453
1068
288
1526
1400
1029
937
900
1395
539
205
513
332
1499
673
496
653
995
1186
1001
680
192
532
1582
1297
364
128
520
346
1187
515
1129
644
408
459
267
1488
365
777
1492
1321
1233
1105
83
1079
1468
158
1433
979
1550
713
528
76
1092
1531
103
437
1431
62
1291
619
175
1430
70
1561
415
1010
608
950
92
1061
421
1387
1
542
295
196
455
816
639
1132
914
851
155
1219
856
693
1470
921
1274
117
143
861
270
1558
149
335
334
178
5
683
492
281
719
146
1103
546
1234
1467
1020
613
572
793
943
322
972
448
1579
916
811
1089
989
1081
1033
506
665
75
1236
584
715
596
97
1529
79
1377
544
929
1111
928
1252
7
11
571
1315
145
622
1299
1166
1469
1586
602
405
759
1278
1528
286
635
379
74
933
491
607
1203
460
1580
970
1507
30
216
677
199
978
936
1185
1542
394
10
69
1352
1474
118
1365
353
562
484
776
1413
280
1463
66
855
378
230
1011
563
679
867
908
757
109
897
1156
1519
50
161
1328
1018
397
952
651
804
1259
404
47
1281
721
1093
249
401
1547
749
1101
85
1367
259
1380
129
938
820
1032
1539
923
1140
1137
309
439
720
182
889
412
925
664
393
1180
568
212
827
597
1557
1285
369
102
917
826
690
262
1323
440
1195
325
824
633
316
545
1119
1404
191
298
934
1600
870
55
1509
1342
174
911
1374
1442
566
1567
833
115
723
1125
1046
527
65
8
2
241
666
1277
927
1024
1322
23
1122
967
479
1095
