2000
737
3805
975
3868
2195
1284
2946
1157
405
2458
2701
1522
593
3802
1612
82
3113
754
1173
1158
1448
783
3766
1073
2243
2163
3080
34
576
3970
3039
3342
3263
3047
1588
1681
52
1645
2437
1215
3332
1102
1682
495
3698
367
2649
771
2032
1617
448
3105
498
3845
2157
463
1517
3086
2561
1867
1907
666
1138
2858
3441
73
484
2341
1081
2362
2309
374
2342
636
416
3008
382
3480
1369
883
1152
2798
1501
2213
1735
3784
3498
3703
287
3132
2354
3102
627
3908
3550
3871
1543
1162
2148
3545
3231
2393
2941
1571
3433
1386
2295
3901
3810
3339
3125
755
389
2343
3697
2607
3307
1440
768
273
3522
1176
2586
3187
2736
3305
971
3519
121
2031
1834
2476
3237
3690
1742
481
1649
2095
3244
1512
1541
3505
1296
3729
363
3417
2764
2235
749
1372
3373
3748
3573
3021
545
3633
2922
13
2051
45
1047
1992
1980
2376
3399
3635
1051
2129
2352
1457
1509
1965
2630
3085
3858
1553
1806
2825
1830
30
827
3309
2081
272
2963
3037
12
2154
3098
1195
2451
1788
1755
2398
2925
672
2935
3374
2521
1536
1423
1482
2385
268
1626
539
3397
1826
517
1790
2142
1904
1820
1519
9
3429
1110
242
385
3683
1630
2
870
1990
1801
1458
2384
2145
3652
2663
1670
3400
198
3525
3617
2984
1506
3377
1285
3494
2745
1557
3391
175
3942
983
3070
2407
3466
2618
3997
3415
3182
889
1810
2336
3686
3506
1257
2238
2191
3888
835
2271
3647
3164
3886
1426
2921
1002
3266
404
848
2642
1361
1653
1958
3758
1960
2463
2306
837
1371
954
2892
3986
3131
818
3370
2688
1192
3217
3302
303
2244
3383
3849
157
407
247
3672
2575
3960
550
1490
3665
2706
2049
1929
3930
418
36
410
996
931
116
956
3954
2045
1370
587
1493
2204
1675
533
2994
2209
3253
453
1782
2002
2537
1940
638
3795
3111
2661
3224
2187
417
2587
2359
3967
969
3426
3921
2165
2662
1804
129
368
1489
3984
1269
2870
2986
2879
3673
1336
1808
1250
3154
72
1084
2605
2197
1298
3692
901
2915
1206
2490
1502
3116
1918
2958
1851
406
974
1709
1228
3911
3114
2121
95
858
2624
3755
1975
2895
1322
3688
3532
1358
3317
697
392
2818
2614
2004
1592
1045
1126
2907
2705
1434
3811
1043
825
683
1936
3351
3457
2113
3827
3196
2457
1770
139
1404
507
1677
3229
1243
2751
3814
458
3757
2472
600
3835
2123
3471
1164
2934
1771
1628
1973
3492
2125
3336
3362
1135
3912
330
2625
1944
2502
2767
3115
2812
1847
3570
1464
496
705
3798
2885
821
2557
3579
3350
1474
1104
985
2987
2697
671
402
301
2911
3790
3657
22
2318
2038
1600
3687
2497
79
3794
2221
3151
336
3990
365
150
2096
2368
3656
514
3314
1038
2757
2414
2714
119
3333
922
929
1350
2562
3931
1580
3051
3807
3523
497
158
1331
2572
1237
2339
1096
3569
3403
859
1000
28
750
998
1962
3216
3821
2060
1970
2725
132
3517
1469
2074
631
3891
3916
383
2658
1159
1610
21
387
1889
3384
2880
1924
1064
1997
3670
947
2022
249
1555
701
2833
1922
1297
561
1089
423
2746
840
1313
3485
938
1920
294
1300
3408
4000
1418
2760
2635
3361
1309
3578
3461
2681
2464
1776
3055
1530
2589
3642
3233
2750
3372
1259
17
3473
516
1077
1122
3345
2827
3695
1272
1872
2090
2103
127
2659
2249
753
3980
46
1640
3107
2440
3511
1702
126
2548
2903
1227
1762
2210
1442
1451
660
3649
2333
2726
2996
3528
608
2685
1624
930
2906
2050
3769
3950
1704
801
2297
2278
557
2846
1391
3760
31
2027
2360
2554
586
1761
229
3364
951
645
846
2291
2967
1253
626
1486
260
57
606
19
560
2183
2850
62
2544
3299
1542
574
1022
3964
2617
3622
149
2872
1010
166
228
3890
739
3011
1456
1548
1957
1666
256
1137
3121
3666
903
2155
802
1863
2981
1375
714
1621
2609
1197
3585
163
1214
2547
3720
695
3487
1984
1923
2927
107
3546
2378
432
2787
1082
977
3234
2310
3553
1538
1656
1926
2765
618
1236
2801
3932
2721
3971
3756
1379
1307
1398
2021
1766
1520
2806
845
3090
1636
2898
3706
741
917
2455
558
643
1828
3442
3027
3219
3676
1130
3396
2673
1909
364
2386
2061
1933
205
3572
3968
2580
112
3443
2481
3092
449
833
1567
1183
3910
3591
1983
2254
3484
669
1892
3416
468
3106
1428
499
3956
1037
117
171
168
635
3084
1005
2018
1578
2775
1086
2068
2496
2940
2077
3824
1421
2859
359
3448
2671
1343
125
2039
2639
2272
935
2722
1264
1752
853
770
3046
152
799
381
1364
2305
2131
2993
3469
1093
3057
3472
293
1769
2578
3161
1917
1708
3738
2811
232
527
2897
2983
988
616
186
2260
2631
687
3222
1204
349
2471
2525
2012
1382
962
3830
2899
3413
3112
2648
3561
3376
3264
3201
3368
2560
3072
588
698
965
3702
3731
179
3458
1205
1438
2322
2612
836
2199
1497
1230
3149
3012
3054
1959
262
2252
3624
1616
1802
1289
3959
344
1705
1408
3160
1632
2222
824
940
2512
2530
1722
629
3230
2467
874
2188
2819
312
2931
2844
2141
1065
2093
1558
2926
2822
2064
2088
2770
868
3580
3427
2739
3226
1911
1180
960
1452
2581
857
2030
2543
1989
3582
3424
2929
3584
1041
1720
1090
2253
1455
810
15
2261
1691
84
2475
371
375
1620
3077
2988
1170
1033
2356
3604
3007
568
3641
3736
1807
2092
1768
1651
505
594
909
1540
1680
3779
1719
564
3847
92
2845
554
2454
942
1999
1510
562
400
1431
3889
571
1947
3015
2144
1635
1832
3992
781
3142
178
981
422
2237
3276
2382
2973
1774
850
1054
1240
1241
222
1128
69
1374
2805
97
860
300
2972
1276
1246
257
3481
3393
2485
3283
3214
3616
3316
812
361
3927
1465
3853
2534
3223
2968
3721
309
196
3737
885
2753
2664
493
2007
1310
3282
238
1030
88
2644
1304
1416
2084
2949
2683
2280
693
2404
3099
1155
2019
939
2542
647
3609
3081
3308
470
1688
3542
663
3395
3248
1492
2086
1352
2919
673
29
551
3934
2791
3463
605
1900
2126
1261
3659
1850
492
1449
3601
2552
1220
2495
373
2857
2257
3846
3592
4
3274
58
2655
2024
2489
428
1055
2696
2412
3857
1447
1946
2854
1008
3552
3863
2836
828
1114
2358
2966
1623
3534
2010
3722
552
2957
430
1637
3137
3493
1891
803
708
735
2679
807
1007
2646
3611
1251
1454
1562
443
3228
2686
7
2737
2713
995
2830
2604
2016
1646
3937
3589
2160
1711
2397
3774
3819
1797
1311
1018
2153
555
991
211
3135
3661
3486
2498
867
1665
699
2069
780
1263
3832
3386
760
3324
544
3803
63
2768
1136
1399
1147
2619
2400
203
1242
431
2917
3371
1876
3507
3768
3265
2793
2355
2231
630
814
231
1854
425
2387
2380
338
1169
1869
2483
11
263
1507
486
3031
912
1881
411
2276
2883
1217
879
2492
3712
1821
333
1340
2331
3328
3387
3158
1281
829
1397
2670
3694
2766
882
1437
1439
1937
1099
2796
1657
2965
3452
3321
1078
1655
3681
2063
1323
2511
1171
180
1618
1353
2381
2744
20
1584
3100
928
426
3730
1129
3809
1857
3922
384
3438
1412
2258
494
96
1498
2105
3421
603
3689
1140
1856
2267
3754
3621
3752
3631
2813
1335
747
2441
64
187
762
1534
2299
1153
3587
2029
658
2841
1095
101
777
3734
1168
2877
3501
110
2943
2700
3855
668
604
2904
2507
1315
1591
1514
2190
325
1441
856
1516
1860
49
2540
1384
2409
657
3815
248
2588
1252
2584
748
1794
1318
487
2601
1191
546
2558
2869
610
1598
2277
474
2294
1503
3197
3208
3634
3188
148
1433
3394
3017
3002
2014
3059
1634
3632
1020
2660
3023
1446
1117
1574
1822
3786
569
1407
650
3894
3938
3242
713
441
2724
1689
2023
3467
1430
3075
306
945
1036
2514
2912
1893
906
3066
2978
2555
2823
3783
681
1424
1003
1053
2196
319
3899
2151
98
1757
3668
2255
276
2782
3614
566
871
2828
1067
3603
240
3906
1034
1419
1499
1247
3120
1468
1685
2364
3464
2107
3504
634
806
3850
3991
2394
1091
2448
3366
1494
66
1354
233
3513
2645
225
2998
908
1805
843
628
169
3761
3705
94
41
876
1678
3401
1324
3095
1714
1025
3928
3278
2918
1339
450
1396
2176
1694
891
2219
2443
2820
1021
320
1953
1410
746
2910
595
1672
877
654
343
2371
2493
3198
1062
3772
782
3325
1035
2852
2346
3329
2446
3251
2034
2633
1664
65
3035
2932
1870
3759
3877
543
948
3861
2042
1749
1088
642
1411
90
2479
1927
731
3301
3281
1144
2098
3851
1890
2449
1294
1971
3491
2120
2516
2281
2529
3939
1622
1888
2500
1232
1378
2143
2327
3776
2582
2487
934
2526
2643
2179
3945
844
2248
87
989
3338
3801
1684
2901
3958
2955
3915
3648
1577
3360
3130
346
167
3816
3691
177
141
3678
2072
1248
133
3193
1813
624
2083
2856
1229
3509
788
1265
2742
316
473
2056
639
927
1787
2344
3829
311
2482
1381
1154
3048
1698
3488
1793
3335
3462
3792
899
252
842
3150
1119
933
2133
1063
1713
3073
3170
979
585
3476
1868
2627
2408
589
1733
3074
1403
3808
412
2332
3881
1462
957
881
2013
2585
219
523
3862
115
866
3639
1076
3645
2748
3129
2908
1273
980
1481
3799
2762
3288
3623
1537
2928
2608
890
3163
2621
1546
1177
1108
973
2703
1751
3001
61
2590
1914
640
2758
3565
1392
74
1880
3144
3312
1744
2731
2602
2147
1609
591
575
1347
1275
1014
3456
3726
677
3344
2427
1629
2579
3751
8
3341
1593
1532
1267
763
3825
3907
3966
619
2078
3369
2349
1763
1085
2719
1268
1476
1726
3279
3432
2519
488
261
1231
1346
204
2206
2816
1521
3355
2216
1013
667
3864
838
1166
3006
476
1710
823
567
609
1943
1113
3221
1016
6
3232
3904
3128
3536
2173
2170
253
2488
2207
2491
89
350
2506
224
3168
123
779
1602
3108
3902
1690
1367
2763
712
953
3340
108
3210
1865
1779
2682
2313
239
2357
1160
2711
3064
1345
1979
3192
1659
3241
3903
2321
602
2598
2168
3414
641
38
1894
3022
2390
3723
873
53
678
1758
2250
143
1203
549
3866
2282
5
2834
1079
896
2256
1604
1467
1723
2288
2916
1945
3710
55
146
2513
192
3557
902
2469
2650
394
2139
1785
3763
2119
3708
1839
3526
583
3538
2678
3953
1843
2896
2109
716
265
2959
1718
997
718
3313
3063
1852
318
2375
3389
2509
3643
1274
596
1551
2108
1049
2694
2226
1302
1488
1072
3926
1287
2567
174
3865
3271
243
1006
3087
2161
227
3083
2799
1024
2853
408
2059
3319
1061
1184
3841
2720
2338
2809
3495
3663
2712
1835
1366
607
3568
1885
283
3185
159
884
2695
932
3717
2054
790
3843
1556
3524
2771
3500
1071
1478
1916
1968
3190
1981
2905
3101
601
313
3944
3735
1619
3475
1772
3402
2574
535
3104
1179
1531
2076
3940
1409
105
692
1841
1931
3378
800
2017
3543
1
724
451
3880
1145
2192
80
2307
206
437
2640
332
2230
3716
197
923
3555
2410
2259
2315
2832
2995
984
3826
3884
1679
2982
2274
1663
3994
43
3068
3559
2777
3428
3343
2814
3873
454
1427
193
651
3349
1326
2345
280
1074
3741
250
1363
2005
3134
820
1389
