90
-8 -89 68 -70 -22 -7 33 -61 -74 -89 47 85 58 8 -57 -86 62 -14 89 -100 -96 6 59 28 -60 43 4 74 16 51 -39 -50 -65 94 -59 -47 -97 57 -20 61 66 -33 93 12 -83 75 26 32 70 48 -74 -49 -47 78 -16 96 74 42 69 -46 82 33 -99 0 -51 70 66 -24 50 93 95 -31 46 -56 70 55 -74 -79 -52 -15 89 81 -22 28 -77 -17 -2 72 11 13 
-1 70 12 -16 -65 -33 -37 -40 17 23 65 -95 -43 -60 8 -57 -4 -12 63 60 64 -64 -8 -75 89 -19 -72 97 -84 1 -18 -35 66 -48 -29 70 -63 -18 11 46 15 -72 93 -77 -24 -77 -97 2 60 0 -66 54 -31 -34 49 -7 98 -1 -34 88 73 -25 -23 75 -16 75 -53 -3 -13 37 -61 5 -76 94 -73 -28 -46 19 -90 2 -75 98 14 -60 41 -51 82 11 15 -44 
41 74 -77 -98 65 -7 77 -70 10 26 88 22 -28 55 -66 64 59 -87 8 -70 -24 -24 -27 -2 44 -5 34 -61 46 -67 -76 -97 -100 98 92 32 -67 -38 11 -60 -68 93 -32 -73 -67 -63 -9 -46 -89 -85 -26 -92 35 -40 -92 -76 83 45 -91 22 66 -48 37 -30 4 94 4 -4 64 65 -37 -77 79 45 44 -6 -8 -80 -29 -42 -3 73 55 87 1 46 43 -100 -1 -13 
-67 48 64 -59 -44 37 -57 82 95 -72 -78 -57 -66 23 -39 -99 66 -19 -66 24 81 -52 -15 -55 4 93 -77 -98 -29 60 1 12 -3 -7 -79 94 -80 -76 -83 -79 96 24 -78 33 34 55 -88 -87 -13 -23 -88 33 26 33 71 -72 92 -31 -90 -55 97 92 -38 -50 1 31 -80 95 40 -80 -9 32 26 83 -75 35 94 45 4 -10 -59 87 82 -63 39 -81 -91 89 91 81 
-6 -91 -30 -9 -42 10 -15 -65 -23 43 65 61 -40 37 67 -6 -97 -61 -23 -56 54 -91 53 -62 28 -76 -31 -4 -42 9 77 -96 -28 -25 62 39 -79 -36 -41 43 -46 -62 65 32 16 55 -27 -21 67 -84 -53 77 -19 69 -86 45 -12 -95 -72 -38 -85 6 9 -59 14 22 84 22 -77 15 57 45 73 -65 -95 -21 -14 89 23 44 -7 -91 -26 -11 -60 -40 4 -4 -4 85 
-35 -94 70 -69 21 93 42 -75 -38 -14 -7 32 -53 85 8 -9 46 68 -14 36 -15 -19 81 -29 45 97 -68 10 3 18 -43 1 -80 77 -89 -45 25 -94 -47 64 -95 21 -11 91 28 57 -36 0 60 -94 0 75 -50 -31 -65 62 9 26 49 -83 -50 -13 -38 -21 76 -98 84 -66 28 -44 3 29 -70 -79 22 -50 41 -75 -11 -61 -76 -91 1 -89 34 42 87 -28 -78 -62 
-74 -66 35 -82 -45 1 49 -100 -64 4 98 30 97 -4 -39 -41 88 98 -16 -12 0 66 -17 58 -63 85 42 -61 -59 -65 -56 -58 58 40 -4 66 -8 24 -36 -92 -53 -16 77 30 87 78 -44 81 11 -64 58 83 0 32 -52 35 -19 4 48 48 12 -33 -81 -56 90 -56 -81 51 65 92 26 37 -11 99 77 -92 -3 -34 77 -1 62 -96 -11 -65 -7 92 87 11 73 44 
-38 7 78 -99 0 71 27 93 -34 23 86 30 74 53 -53 19 63 36 9 -14 2 -81 30 51 28 60 18 -28 79 -57 -66 58 97 -21 -23 -33 27 -100 2 -45 85 39 67 -90 -12 18 94 -76 -23 85 -13 69 82 -18 -20 53 0 -3 -21 44 17 -54 -17 89 -15 92 -16 -16 1 42 -11 -31 -29 -10 -17 -83 15 -72 0 -42 -67 -48 54 -96 -33 -18 -76 25 -29 8 
-95 59 -54 83 -51 83 49 33 51 -46 93 -25 -24 -60 -81 -55 -30 34 -80 82 86 -7 -52 -45 -36 -84 -100 43 83 -48 -91 -64 -27 26 34 84 33 63 -6 -34 44 0 61 -10 -99 52 -88 -64 -9 -22 73 33 -13 81 88 48 13 38 -11 -68 -100 -12 -39 -39 6 14 67 -63 4 56 98 9 21 -17 45 -23 -32 -72 -58 -70 -26 -9 72 43 24 68 -34 23 -55 -60 
71 25 72 92 -63 20 -50 -72 99 15 66 -65 81 92 -68 3 43 -48 -39 -5 -69 26 51 63 -46 33 -45 -4 -13 -28 -4 9 -95 -73 -76 -25 -43 0 -6 83 52 87 -7 -98 44 -35 -96 -5 31 -52 29 64 97 -75 31 8 -57 23 -60 66 -7 64 94 -95 -14 21 3 -63 99 74 -61 84 83 71 32 -24 84 -48 15 -99 6 -87 -53 77 67 57 21 91 92 69 
-80 72 -84 -89 25 -69 -69 15 65 -32 -1 55 -86 -54 62 81 -25 20 9 -33 -75 1 -11 97 -68 90 67 -79 -57 -80 98 -2 -51 22 60 54 -1 38 -88 22 50 -62 44 -65 -66 12 56 -85 -87 51 0 44 -46 -28 -82 -83 48 -8 89 17 -20 16 66 -86 71 -20 91 40 -77 -39 62 -74 80 -82 -22 -53 -70 -61 -3 -82 40 56 37 66 65 -56 -73 84 53 -91 
67 89 26 39 77 -63 -81 25 88 50 -12 -96 7 14 -43 91 -90 -38 -17 70 -42 -62 -37 -28 77 56 65 -3 5 0 -8 0 -35 9 -85 -11 -10 22 -85 26 -60 26 100 -1 -70 -59 -45 69 52 5 16 74 -68 -90 42 69 -82 -63 -54 43 96 63 -15 80 -7 -51 -97 -52 76 3 -97 -23 -31 -15 -95 -12 -34 -13 69 -27 71 -54 -26 -32 91 70 -58 90 -59 -43 
88 44 10 49 26 13 96 -31 88 75 22 -61 -78 -51 67 43 -8 -11 -34 -79 -42 86 -16 41 -47 92 -54 -24 87 75 -96 -100 -6 -43 99 3 -87 -7 7 -10 -3 -29 34 83 -73 67 -18 -9 -87 92 40 -88 -90 -30 4 -7 -17 55 -63 86 76 2 94 -86 56 -11 71 -67 -39 -2 -76 -2 94 -38 -67 38 -80 68 -7 -25 73 -99 -63 -13 -76 27 -52 65 100 89 
19 2 11 1 -63 -99 -36 74 5 55 -20 -24 13 -49 -43 -10 92 -10 97 -3 -72 46 80 62 35 -28 -23 -67 81 -46 -26 -50 -74 -81 -45 -25 -33 -59 -77 98 -10 -34 -14 -76 -99 20 75 -99 -41 -94 10 0 41 2 -51 -52 68 -47 -11 66 98 7 -95 92 -30 -86 56 59 -71 11 30 49 58 -65 16 -82 72 55 89 100 82 -48 55 40 57 83 -56 58 58 21 
-97 -34 -42 29 91 -72 -23 -77 29 18 -80 2 -78 -48 -4 -37 -62 -38 0 12 41 -90 -89 -63 -47 11 -97 -3 60 9 -84 -30 -56 -80 51 -9 -30 -11 -96 -32 -11 71 90 21 59 -46 -74 14 -7 15 23 47 14 -20 92 -73 38 -87 -61 -61 87 -66 78 -19 -59 -40 49 -100 12 -18 8 -25 94 22 -22 84 24 -86 95 -7 45 28 -90 -39 -20 72 -22 -19 -72 5 
89 84 15 -90 60 -30 73 -9 -7 -74 -93 61 10 61 37 16 -37 23 -63 -74 -77 26 -61 40 16 -78 37 -78 -26 86 81 95 -22 17 -6 -27 16 52 26 -62 13 -1 19 52 62 86 -82 -82 -34 19 -87 60 -36 93 -95 17 -65 -86 -24 35 53 69 83 -58 99 2 -22 86 97 20 18 1 66 -64 29 -23 -3 -15 51 -1 -75 73 75 -51 -86 25 36 -1 59 -42 
-81 11 -10 -86 24 49 -98 -20 70 -51 -40 -69 -9 -77 40 -18 62 -29 87 -16 -12 23 -93 59 -85 29 94 -78 22 82 26 -80 0 -2 -63 16 15 -69 -25 7 15 -60 -56 -7 -41 -80 85 37 -22 73 53 16 33 -29 39 -93 -80 -7 -50 -76 -55 73 -16 -70 50 100 -82 47 4 66 17 -50 -79 74 50 -57 -40 15 93 48 8 -94 -18 36 89 -61 93 87 33 -62 
-92 5 85 -47 -39 16 18 -27 48 -23 97 33 61 50 72 -92 99 -3 54 46 82 -99 -16 25 -16 -76 12 -39 -6 -99 -77 56 29 -66 73 82 -48 -69 64 -62 87 -62 -23 -24 -8 -22 -83 -55 43 -52 85 -10 -57 -48 24 83 51 76 -69 41 -27 -98 -68 65 63 48 35 28 -51 -44 -11 41 -54 73 42 97 -95 93 64 -31 89 -56 -39 43 62 98 56 15 34 65 
-7 -6 41 -84 62 -66 -4 -2 31 -72 -79 -22 97 85 89 1 8 49 -47 6 44 -5 -5 73 21 86 -81 -12 -61 98 -10 -39 43 57 -59 -17 35 11 48 -63 80 -91 -96 62 70 -61 9 -17 -66 91 -97 0 -80 -64 -8 -38 -62 -51 -21 38 21 25 19 71 -24 4 6 -8 57 99 90 3 -34 -44 74 68 -63 -26 -99 42 40 -19 9 41 0 10 56 -84 -72 77 
36 -18 -46 26 -55 -67 -89 19 60 -44 -47 -52 -59 -22 -37 86 93 -11 27 -49 84 60 3 -41 54 -99 63 -64 0 -97 60 82 8 55 100 -25 -10 -98 -74 -82 29 -62 -93 8 32 -7 48 97 25 59 1 -43 -34 -38 16 82 -97 -79 -7 30 23 82 -92 69 -46 -4 8 51 11 90 -28 17 -45 -9 22 -89 -18 -57 -69 16 -40 40 -89 -29 -1 -33 -13 -81 -3 47 
-91 4 52 -47 -5 89 -5 -8 5 57 19 83 38 -100 51 26 -2 -80 26 -43 5 71 14 46 -42 62 -55 -13 19 18 62 -87 85 -79 -32 -86 -34 -58 -18 13 82 95 -85 -75 -84 -68 38 43 79 15 -28 96 44 91 -95 67 -10 23 -94 -26 8 93 76 10 11 -27 -7 -8 -54 -75 -71 100 73 61 -4 60 45 -54 -54 85 -2 41 44 75 -1 -88 60 51 -85 67 
-52 -92 -95 51 -48 -25 23 -35 -100 62 61 -21 -27 55 83 -67 72 88 97 -71 -99 -51 -32 26 -87 24 -9 100 48 -91 66 55 -29 34 -43 -71 -58 -47 25 28 -28 14 59 63 1 -43 12 92 25 60 25 8 -26 58 -78 90 -49 -23 90 -99 -93 -91 98 -1 74 -84 -44 14 -19 94 -6 98 96 40 -4 -26 -81 -13 -23 24 28 100 29 -83 0 -47 -93 52 -80 57 
-49 16 16 -41 -48 17 -54 66 23 97 -58 38 -69 84 28 -78 84 30 100 74 -29 -93 47 -68 -59 -96 78 -26 -13 89 -90 87 26 -72 52 82 -48 -76 -63 55 58 97 -76 37 -90 -43 75 -40 72 -19 94 -67 8 41 -52 -55 -12 -2 20 79 -89 11 -25 100 -54 8 73 -13 18 74 81 57 -43 34 41 7 42 -30 69 11 98 -69 97 -13 -58 54 59 -84 -41 12 
-42 78 69 74 -23 79 66 72 76 40 60 -79 17 -49 48 -30 96 10 43 -94 -93 -23 25 -57 60 -2 -99 65 40 83 -69 72 -75 23 28 32 85 -57 -63 -39 42 -2 -49 22 0 33 -19 -29 53 97 -94 75 4 -59 21 -63 -93 7 74 86 29 46 6 -35 60 -75 -2 -27 -14 -54 14 -35 -58 -84 -2 20 -11 75 12 27 74 66 24 -85 -17 -73 89 -45 -25 -60 
-97 -28 -74 -1 21 -13 -78 -21 -95 12 -57 -58 59 16 -26 -18 -77 9 -35 55 26 14 100 -12 76 21 1 15 75 -24 -39 -70 50 -12 77 76 94 0 -17 -91 -70 -32 8 -53 84 71 -45 51 -88 -80 -11 99 -1 -67 41 -34 32 -3 73 -44 -77 -84 55 -54 50 84 86 -30 20 -18 -10 95 -5 -83 -2 34 42 -84 38 -27 0 93 -10 20 67 0 -45 -47 46 -21 
73 60 69 -84 69 -40 -42 48 68 -85 56 -25 46 53 -37 -94 -24 33 31 46 43 7 16 58 -21 -94 -71 -29 -42 13 -5 75 67 -37 -78 32 25 -65 -77 41 -42 -29 85 46 54 -59 -26 -75 33 36 -83 -10 -71 9 -100 -26 12 -18 -42 34 -94 -11 -60 50 11 54 -89 -26 92 -68 5 64 89 49 -56 52 -93 34 -64 22 20 53 -52 -23 -51 56 -80 10 -57 -85 
59 54 1 -43 -100 -21 51 50 -27 6 -74 -58 33 -10 -58 65 -37 28 -21 44 -52 -7 100 93 -71 -89 87 64 77 33 87 -88 42 81 92 -40 -44 -28 -9 0 -38 -76 -23 -47 92 41 48 55 -96 -11 85 100 -97 -70 -84 -19 78 -100 -96 -91 8 29 -47 -79 61 97 -73 -92 96 31 35 -77 57 -77 74 99 78 -87 -73 72 -87 64 -79 39 78 60 38 30 74 44 
-99 -69 -92 -31 26 -12 60 15 75 -24 -9 13 22 -84 -73 86 -25 90 61 40 87 -88 36 76 -23 -66 -90 87 94 -26 -57 45 87 -53 -49 41 -78 58 42 27 -97 -50 -29 70 77 31 -97 -68 -81 91 46 -45 -89 -1 -66 -2 -9 84 28 -55 30 -77 54 -74 -78 53 14 -48 92 -98 -61 63 6 32 -60 92 97 84 -46 100 92 -41 -46 69 0 74 -29 62 -37 -52 
80 0 -44 47 68 16 -20 1 40 -30 -86 -46 -4 -44 -75 85 90 7 14 36 -73 54 57 75 23 -47 76 91 -58 -96 -31 57 61 -62 -45 18 -99 7 28 94 -12 22 -50 -31 48 25 -26 10 -93 -29 -34 26 -56 56 -39 -32 -18 -78 -72 83 -88 -34 15 -81 76 52 14 -32 -43 -88 8 -92 -12 33 -71 5 43 24 58 -76 -52 69 2 49 51 -93 -40 7 -38 -78 
75 -79 42 61 0 71 -34 -97 14 93 -16 -94 53 74 -97 -50 53 71 -21 -1 34 -2 2 -62 -77 -83 -56 42 18 -70 -12 -48 -68 68 -6 -26 -46 86 -3 35 100 -69 8 -59 -31 -68 -70 59 42 76 -50 -62 12 -25 -76 8 29 74 -5 -82 -45 50 -73 44 -97 -44 -49 -34 53 98 98 27 -48 -54 -63 -10 100 87 72 -36 -98 31 -20 27 45 -15 30 -79 -95 8 
29 -74 60 28 91 50 -55 -13 -18 -6 73 -1 -65 8 58 -32 20 33 -39 49 -71 -66 -42 88 -73 -81 69 -32 64 40 -32 -5 -19 -31 -43 85 0 21 76 -98 83 61 72 66 93 -31 -30 -53 -73 30 -16 78 -25 5 76 1 -48 -96 -38 58 90 27 3 -26 51 -51 -39 -25 -52 -51 -100 47 -51 -36 -10 -74 44 -73 -98 46 20 59 -25 -61 77 80 -3 -55 92 -10 
40 -82 77 15 71 17 89 -38 -44 10 -83 -52 -49 91 12 6 28 -87 6 -99 -78 68 -73 -75 -39 -48 -72 -67 92 -94 -90 46 25 -26 -18 25 5 79 -36 -19 19 -2 38 70 69 -4 -29 71 22 -7 -33 -14 63 -6 -72 -51 96 -51 -23 57 42 76 -25 26 -94 -90 -16 73 46 0 -71 -94 79 3 -65 -82 63 86 73 -7 89 44 -10 -80 -45 88 10 86 -91 -71 
29 -48 -5 78 58 44 -42 35 30 -89 -52 -91 94 57 83 92 -22 -22 1 46 98 37 64 81 -55 -9 36 -64 82 0 12 63 96 72 -93 -50 -97 77 1 32 -74 51 60 72 -36 100 -89 85 53 62 39 90 -55 39 -53 -47 45 -45 22 -60 -49 -82 15 49 -73 -25 51 -97 62 25 84 0 0 28 79 72 94 100 -5 -94 -100 -39 -71 32 14 13 -96 59 -78 4 
-4 31 -72 -96 21 -88 36 -9 -30 35 49 15 0 62 -57 10 63 92 46 -32 40 30 -74 -100 0 22 48 -93 56 -8 86 -42 -65 9 -91 -33 -24 98 -83 2 0 66 -36 91 3 88 -22 -96 -11 -95 -46 -91 -95 99 -27 75 31 -71 -81 74 -75 -55 2 -81 -37 51 -61 41 -97 -74 44 48 13 79 -55 35 36 -81 50 -58 8 -83 57 53 -2 -31 -79 -24 40 -1 
-24 -31 68 12 74 24 -61 -46 -45 51 84 -68 87 -9 10 15 -96 -47 -9 -44 12 -73 0 -92 67 -36 60 -31 -74 71 -49 -35 -49 -33 -43 90 85 -53 -59 -60 -39 75 41 -9 97 -43 -35 11 -91 -96 21 22 22 -44 -63 -7 78 41 -81 -88 6 -29 -68 -77 -29 48 -18 81 -63 -33 -54 42 6 83 -48 42 85 -46 11 -94 63 -8 5 -97 -20 13 43 50 -32 -8 
23 -31 64 82 -70 71 6 98 54 -52 -38 -80 -29 64 78 75 31 88 12 76 -84 -47 -7 -8 -65 14 14 95 43 95 -94 69 -11 100 -49 47 47 -42 16 74 -68 85 -65 -41 -20 -85 -5 -58 25 74 91 5 -98 -41 -98 57 -46 68 -21 9 38 -65 17 -50 -3 23 -92 -14 22 81 -51 -25 78 -5 82 -85 -83 82 -17 -35 95 11 -88 -54 -41 -97 -46 -27 21 -65 
100 -2 -17 74 -24 62 78 88 -90 -77 55 -37 96 -23 -26 18 -75 -54 -53 92 -56 96 -44 -9 -40 -71 78 10 -52 49 91 -36 -83 -39 -46 -54 -79 -39 -17 -97 4 -64 -8 -31 23 99 93 -68 55 -40 66 24 42 82 100 -93 -74 -24 -82 30 59 -30 -28 -8 23 81 -80 73 -58 12 19 -4 45 55 82 -2 -86 -15 98 82 50 -32 -25 -10 14 -92 57 -81 81 49 
-71 -56 29 75 -74 78 -33 -13 -59 35 77 8 72 9 -51 -4 -88 -51 -16 74 -31 0 -15 39 14 0 -44 82 30 25 -43 -69 37 -55 -95 -64 1 -100 -70 16 95 -34 0 50 -42 -12 -93 -26 36 6 51 -43 -70 54 74 -51 88 -85 -19 -6 86 92 4 -20 -61 60 -63 61 -55 18 -74 3 65 72 -80 13 73 78 -18 -10 79 19 -46 -28 55 23 66 -38 24 50 
-60 -6 -92 -70 -5 -77 -14 -27 13 -25 48 49 8 57 -93 44 86 -13 27 -43 -73 -52 -73 -24 -8 -56 11 -92 -13 -6 -16 -43 -29 54 -7 -69 -60 -80 -51 -57 48 67 5 -37 -78 -77 17 -20 -22 -63 95 59 -80 -25 53 64 34 -10 85 -56 19 67 74 -98 -81 -57 4 42 -5 -5 -94 -96 -36 -1 60 -24 -14 58 50 -48 4 -84 -16 85 10 91 -5 -86 46 -52 
27 -68 58 68 51 27 -31 12 -15 68 18 -19 -85 31 50 68 54 -71 -100 41 36 -33 11 79 -66 -74 -38 -26 67 45 -12 38 73 58 -94 -83 22 -6 -49 53 14 -55 9 -18 -12 25 15 -89 -68 90 -16 -3 75 76 -14 -6 -55 79 2 -74 35 -43 33 22 -16 4 -7 44 -60 10 43 42 -23 -60 -43 -73 90 85 13 -85 53 -53 64 40 -47 36 -64 4 -63 9 
61 53 -90 12 98 43 -58 98 48 5 99 27 44 11 -100 2 -26 -6 53 -8 6 -7 -55 83 20 64 -65 -92 85 -43 -81 0 4 -88 -60 20 -50 -96 -59 22 46 -65 -51 -18 -32 -41 -15 19 59 -39 62 -61 26 67 32 -21 -24 72 41 -21 -28 27 -100 79 43 23 -73 -33 30 -27 -13 -35 -24 71 -1 38 69 -42 -40 -20 -10 -59 85 -53 45 12 -90 91 -75 -78 
39 -9 30 75 -61 -3 5 -67 -7 -74 -52 55 -16 15 73 63 51 -10 -18 54 63 -16 54 38 -25 -79 98 27 -95 -34 -12 91 -35 -21 -42 73 -73 54 -80 89 -91 -81 80 -83 98 -40 48 -8 73 -22 -54 -87 -58 -34 27 80 -9 39 58 -6 48 65 -77 -67 -71 15 -45 72 -34 -15 -8 -14 74 73 -8 78 -54 -54 0 58 0 -82 46 -92 -73 -34 97 30 4 36 
-62 62 -43 -32 -34 69 -15 -48 -63 9 -59 -22 -86 -63 43 18 23 -72 -85 57 19 10 68 -70 -59 33 57 -95 40 -51 11 70 -39 64 -13 -64 -35 38 -58 83 48 -14 71 53 -40 -73 -62 9 -23 2 86 23 45 15 0 0 -29 -98 -90 -64 66 -88 40 2 0 70 -42 -27 43 -54 -42 34 -30 -53 -39 -81 56 15 -57 -78 35 -38 -75 29 18 -25 50 -7 -61 -84 
12 0 -92 84 -19 -77 29 91 73 -82 -40 81 5 -73 -61 73 -26 87 45 57 -27 -12 -20 35 -8 47 -44 29 30 79 -60 46 20 86 28 -89 18 91 32 -54 -10 77 50 68 91 -88 66 77 -15 79 -75 20 -2 -19 0 -12 1 -61 58 -95 0 97 -3 62 74 -72 -45 -58 -42 -9 37 100 -52 86 64 17 -54 -9 7 -29 75 -50 8 61 50 -54 -84 -31 60 -90 
-39 0 -98 0 -19 51 50 76 90 62 -74 12 66 -70 -38 -85 -52 -98 -30 -56 -75 85 -38 51 -57 28 84 83 -12 63 0 88 83 58 87 -5 -24 30 44 -100 -3 91 -27 -86 44 -51 95 -35 14 89 94 54 -93 -89 -33 -57 96 0 -99 -92 -90 65 78 -33 8 -79 7 18 -73 -99 -33 20 -89 62 12 53 -82 77 -61 -39 -83 -87 -24 -28 -64 -30 88 66 27 74 
36 68 -88 88 60 36 89 -10 -96 45 -17 95 71 31 -84 -2 21 43 2 -60 15 60 49 -60 -74 -72 36 82 66 21 -79 -91 -55 -82 73 94 72 -46 -95 -78 -94 -64 -93 -28 -52 -39 -93 -71 84 -78 54 21 75 -43 -5 33 3 34 71 -93 36 14 65 78 -11 84 -41 -26 88 -25 4 -27 56 -83 64 -51 41 -45 -40 25 68 44 74 15 -38 -17 -65 -50 29 -1 
72 -44 76 38 -14 57 84 -5 -63 70 -29 35 85 -20 -32 45 79 -74 91 79 59 -87 88 10 18 -83 -13 99 36 51 -14 -18 86 68 95 5 -74 -15 95 -41 -43 71 -44 11 27 -40 -12 -46 23 85 44 -60 -75 79 95 32 -82 -78 39 -4 -75 -25 -16 23 99 -95 45 -33 91 -50 0 -62 -86 -32 -24 52 -29 -25 -44 18 -57 56 96 58 25 -47 68 4 98 39 
-24 -84 76 -7 85 6 90 69 -55 -67 46 -70 -64 43 23 -61 44 55 56 44 49 80 15 42 -45 -57 95 -71 -47 47 -35 -57 40 -71 14 50 48 39 9 97 -5 42 -8 -16 -38 54 52 -51 16 59 -73 -74 86 70 26 21 23 22 79 -33 54 69 94 -43 -34 26 31 38 49 80 -57 -94 73 86 24 49 -15 98 36 -42 30 6 -79 7 -60 -60 -90 6 33 -69 
-94 -13 -56 -52 71 -71 0 -88 -61 -57 -36 -88 47 -9 -61 62 -26 92 12 -75 1 -13 -58 -29 -33 -1 22 -17 43 -72 -58 -93 -12 -79 -48 -71 28 -33 -50 -85 38 -11 -79 -51 -17 -50 41 16 42 30 -82 32 -47 15 -15 23 19 -35 5 31 -56 34 -14 88 28 62 -93 18 -92 -60 0 -66 79 31 -65 -1 -2 -37 56 18 -62 -90 58 -82 -14 93 -6 -30 -76 14 
-24 -42 -40 -77 -76 -92 -56 81 -46 -17 6 39 60 -93 13 42 7 86 -63 -2 4 -43 -85 -40 71 58 -77 1 37 -23 -37 96 1 -43 57 -17 -100 -1 -49 -98 4 69 19 -41 95 64 -96 38 52 -85 83 29 10 -92 -54 23 -78 6 89 -45 -83 -92 6 -79 87 -41 -49 -29 -4 30 -90 -80 72 -87 -16 67 -42 -36 -37 -17 62 -87 -4 95 0 40 -18 -70 -53 34 
82 -31 22 1 -3 37 61 -7 46 79 -65 36 -3 30 -87 -36 -33 -69 -95 45 18 -80 -76 -52 -32 -19 -34 -78 57 -54 36 -72 -16 54 46 89 -78 10 84 -59 21 6 37 -34 89 32 -93 82 -81 -60 -63 0 -50 -61 -99 62 2 -63 6 -17 -71 -70 -1 -53 -69 51 -60 -59 -10 -9 100 -36 27 -82 79 27 96 -20 -99 -97 -76 59 0 -69 31 -68 -86 48 10 -86 
85 51 -47 75 9 -70 73 -7 -25 39 19 42 80 85 100 93 96 17 -73 58 -9 -15 97 -57 -1 17 -50 36 -39 -32 -26 9 -31 98 30 -34 -69 7 -90 66 52 51 44 66 -6 -28 -68 -14 99 8 -100 -44 -11 88 -88 -83 -100 -38 -82 44 85 -61 -4 35 88 -69 24 22 30 -85 21 71 74 -82 24 46 -32 -35 -53 -47 -54 5 54 47 64 -38 -28 -1 12 78 
47 63 -93 -26 -89 37 44 97 13 -91 -17 64 65 45 72 3 -99 -7 -65 24 2 -31 59 -48 -46 9 21 42 -13 25 84 99 -65 90 65 -71 37 -64 -32 -5 -37 -48 -76 29 67 -100 -18 38 -96 -1 -38 64 -58 1 11 -24 -70 -8 -71 -94 87 87 26 79 -17 51 93 26 -33 38 61 66 -43 -80 -42 -79 25 -24 0 26 -92 40 1 5 -78 -55 -71 -59 6 -14 
-50 -97 -62 -94 10 -41 96 60 51 26 -85 25 0 4 -44 0 -21 57 -100 -23 4 57 -42 68 -16 48 75 27 31 -16 -60 71 100 -64 56 6 -43 -34 88 49 -60 57 77 88 -83 50 -99 27 7 40 -42 94 34 34 -85 30 -38 39 2 -95 -74 -26 65 -84 -47 23 -14 -4 -32 16 -70 -58 -41 -99 -95 60 -47 -89 -98 -54 49 -74 10 31 -54 -70 -62 -41 76 -31 
-38 96 -42 -42 30 -5 24 -69 17 86 46 -29 0 55 -32 -38 38 -40 20 64 82 90 -39 93 53 40 -98 57 9 -46 95 -10 -25 -67 62 67 -25 50 -7 -67 -48 12 74 -60 -13 1 -54 11 86 83 23 53 -8 -32 -77 33 94 47 -52 -17 -85 11 -35 92 60 -22 -88 3 -80 -25 41 37 -65 80 -86 -82 -84 -81 20 44 -73 92 -63 -41 91 53 11 53 -88 0 
89 -27 -15 83 12 -87 5 34 -59 -61 -7 -95 56 92 -32 3 30 77 -83 -80 -33 8 31 -20 3 42 -13 75 -12 51 11 -76 9 -52 5 52 -28 -87 65 -38 97 1 53 37 98 -72 61 -15 -80 -76 49 64 -11 -15 -79 61 -97 -9 -77 -70 59 -55 -98 -17 93 9 -25 -33 -5 -86 4 52 90 79 -39 -54 60 92 16 -78 3 40 85 36 -56 56 -81 -65 34 41 
65 -76 82 -99 60 49 -63 64 -10 -79 -90 -66 -100 17 69 7 -78 -68 45 14 82 98 31 61 25 81 74 -78 -36 -46 -91 -15 48 -12 89 41 75 -43 -18 66 -6 6 53 61 56 -22 -81 26 71 15 -34 91 -35 97 31 -55 95 61 -49 4 -97 60 95 43 68 -64 -77 53 50 -35 -12 -1 -24 -85 83 -17 -57 69 6 84 20 -2 35 -3 -100 -54 88 -71 28 89 
-36 -29 38 -67 64 -58 60 22 -87 -30 94 -56 -40 -49 28 -37 -24 6 -92 1 11 -61 -83 -64 -64 4 5 -26 48 52 -88 -69 -27 42 -96 34 53 -14 71 8 93 -80 44 67 28 -51 50 37 98 68 -7 87 7 15 -1 -13 -34 -66 24 -39 37 49 -63 -98 37 75 -58 92 76 50 95 6 -73 -54 -24 -59 42 -38 95 72 39 -55 37 53 21 28 11 -31 -56 69 
-70 -5 -26 91 -60 28 14 15 32 -47 -2 -5 -55 76 39 17 53 -4 10 -54 -67 -65 90 -58 64 82 -100 50 -89 44 16 48 -64 4 84 -66 48 55 21 7 -85 26 10 -10 -62 -99 -38 64 33 -88 -22 61 -35 97 -21 62 -97 -65 29 82 50 -97 80 26 34 -4 33 -3 21 -4 24 37 -13 36 -21 -18 -26 81 -41 85 97 28 86 44 73 70 70 -34 51 -69 
32 71 -49 -29 74 -35 -15 -10 65 54 89 77 -9 49 60 39 91 -76 68 36 57 -43 53 53 51 -66 -49 0 -37 96 82 43 93 -46 43 -53 89 30 78 19 58 100 0 -74 60 -21 53 -28 76 -3 -84 -8 10 93 65 34 21 8 84 -54 -45 24 64 -40 -3 72 -64 23 -60 24 95 -29 -38 -81 86 -13 -98 43 -56 23 84 19 78 65 25 92 -37 -8 -76 -1 
-77 -48 -95 -40 43 8 -7 -27 -41 -10 -95 -44 -23 20 52 12 -88 38 -81 -64 73 30 72 -80 66 -23 -87 40 -76 -29 -16 12 -94 -22 1 -22 -25 32 16 62 39 -8 77 -10 18 22 -50 20 66 88 45 43 36 81 56 -87 -92 2 12 88 49 87 86 71 78 -17 48 93 40 -40 25 -96 -78 19 -84 -77 -96 36 68 53 30 37 98 -96 35 3 32 21 41 -94 
62 61 -74 -44 55 -20 99 -82 -10 32 -70 81 1 32 -81 -68 -25 -68 -61 -7 1 0 -58 -77 33 -81 51 29 -33 -73 -16 5 7 81 -66 4 -73 0 88 -91 -28 -19 -9 32 38 58 -1 -6 64 80 -99 -82 2 14 91 18 12 -77 -73 42 -13 57 -28 -37 -72 77 80 79 46 -56 41 -2 63 78 30 26 60 -88 21 -55 -47 41 -67 -19 -38 77 -62 30 44 -84 
-24 67 17 19 13 -78 37 8 -39 -49 32 -48 70 24 39 87 -68 92 -67 16 -3 64 -37 63 -61 8 38 -49 -35 -3 78 -52 7 -40 61 -2 84 -68 -84 -14 35 -82 -65 -42 47 -26 -15 93 -3 10 -75 41 -63 -22 -6 30 71 46 14 26 -88 34 43 92 -93 -13 32 -85 -39 48 -51 79 96 100 -77 -51 -75 76 28 7 -43 -95 34 -58 -94 62 -83 -7 -91 -42 
1 54 -78 60 -47 -15 54 -2 42 62 50 -32 -1 -65 -25 -85 -24 -80 -88 0 -36 -63 -73 74 -11 -36 87 3 8 5 44 48 -22 83 -1 63 13 -50 -66 -81 4 31 81 58 -80 18 84 -59 -37 52 79 20 96 15 -98 89 66 41 81 4 -72 -32 -64 -70 9 -4 -65 -7 -6 -11 -76 -55 -74 -68 -30 80 -94 -15 -70 -28 -20 -45 -65 45 61 -3 39 -80 -91 -12 
-59 90 99 63 10 -96 14 -29 -10 92 -58 11 14 -33 -62 5 -61 43 16 -20 -92 -23 77 -99 -83 -96 -46 53 11 -16 -46 3 91 -17 -41 -66 95 51 -9 83 12 -47 -1 67 67 44 -79 -76 33 55 88 -57 -94 -32 -43 -8 -59 19 -21 -11 45 -64 -63 -83 -82 70 11 50 -13 -11 -43 -72 -37 79 -96 47 97 35 21 16 59 89 11 27 67 -72 40 46 87 0 
-47 -41 -58 23 -75 -97 -88 49 64 21 -95 -38 50 10 -69 -25 4 -79 80 -49 -5 -85 86 -8 11 -50 -57 -64 -61 77 8 59 98 20 91 87 -98 34 -49 -4 -80 -58 -57 -28 63 -55 -51 -27 73 26 -52 -64 68 -96 61 19 57 88 -23 9 14 -70 -55 -68 -10 -42 13 -14 -79 93 -60 41 21 64 100 90 7 32 23 -23 47 27 8 -20 -90 31 -57 -36 -68 17 
-92 -23 52 -14 89 -10 -54 -9 46 -26 46 -8 58 -91 -70 -82 -99 15 81 69 -59 -25 -50 -40 61 59 -37 -43 -3 14 -90 -50 -62 -100 -44 -5 -86 46 -45 -41 95 -55 47 0 94 61 51 46 -5 -35 -77 54 81 50 76 28 64 -5 -12 -1 18 34 21 -47 -76 81 -67 79 -37 -64 -77 45 14 87 4 83 82 -69 83 -74 -53 -1 70 -43 -65 -20 49 41 -40 75 
56 17 13 -46 -5 80 28 43 51 26 -17 40 85 -63 -76 -31 -35 -24 42 -54 -75 79 -11 -67 -83 42 -30 93 -77 4 -19 1 -31 78 18 -54 85 27 -57 12 99 -1 84 -37 13 24 42 23 -95 51 35 86 80 68 8 -13 -46 37 12 -46 83 38 97 91 -37 -21 23 -92 82 -38 99 -64 23 -63 1 -93 -44 -79 -94 7 28 -79 78 -91 -87 13 -86 89 71 -51 
-92 27 65 53 -79 -68 66 -86 -19 88 82 76 -95 -55 -52 -67 -66 49 24 96 -20 -34 8 81 -99 -99 -99 -60 -41 -71 72 76 45 36 -83 -49 -91 -87 -14 -58 0 96 9 -46 -32 -39 54 -72 -48 74 -46 9 -84 6 -66 -14 59 -1 8 -9 98 -69 52 62 11 -30 24 -78 90 84 -93 28 -4 12 37 18 88 23 -31 26 -23 65 -37 -19 57 -60 48 -37 -5 -16 
81 94 60 93 82 -60 -56 57 -18 -83 -56 41 -31 67 87 20 98 -26 -2 32 -95 -20 73 42 18 20 -27 -54 13 16 -56 28 -89 85 2 -81 -31 -59 42 -80 97 9 -95 61 -56 52 -16 40 63 26 -81 100 92 -36 57 -50 71 38 -63 -65 76 17 -70 -82 -74 -9 36 3 50 -51 64 -33 70 35 -30 3 -40 81 55 -20 -82 -56 -10 -57 -23 -14 -8 96 43 99 
-91 0 44 2 -14 10 27 -56 -69 -39 85 -61 19 -21 -83 -78 22 -14 75 26 -90 -73 96 94 91 15 -55 -42 38 49 -4 41 77 37 -33 -11 -61 -86 -40 45 13 6 -76 53 -75 17 59 -6 86 6 5 -49 55 55 99 50 -95 66 -68 90 -65 -13 -89 34 38 52 -88 79 96 67 -10 36 -92 22 94 55 -87 1 74 54 -38 -29 -67 89 -99 60 -94 79 -46 64 
72 78 63 81 -27 -39 98 -78 -53 -50 43 -28 -22 -51 -88 -60 -51 -93 11 -58 -13 49 -31 4 -64 51 -63 -84 -42 -22 -9 15 67 40 -82 -39 78 -89 18 81 -80 66 99 -69 22 -71 93 -48 18 -36 -71 50 47 50 -54 -77 -95 36 -52 -25 -37 -31 23 75 -74 -76 24 -85 61 79 -32 -20 10 -83 98 11 -45 90 25 98 90 11 32 5 10 7 -78 -71 -32 -2 
14 -32 85 85 -38 78 36 58 -10 -49 -23 70 39 75 71 -48 -94 33 -11 78 44 39 16 -38 -96 -72 58 21 30 42 -15 -96 -40 82 -3 -99 -78 -61 -83 -31 70 14 91 19 31 13 86 -16 69 50 23 54 33 -40 91 19 -3 -67 25 -64 98 83 -18 74 58 -50 14 -72 -67 -80 34 -12 51 -7 8 40 19 -42 -72 -38 4 -61 70 22 57 9 80 16 77 -9 
-10 -89 64 45 -58 56 -19 -38 47 -46 84 -96 71 -57 -100 16 37 -85 -6 13 -21 75 -16 -54 -63 84 68 50 -5 -47 -75 22 25 -1 -9 43 87 57 -50 36 88 -10 -99 58 -41 -24 40 46 23 46 86 -19 -16 70 -21 20 -67 37 -35 48 -54 -66 37 75 84 -2 -91 -80 8 -50 83 -79 -61 -67 43 -72 -54 98 99 -22 39 34 3 100 7 -75 -6 0 -63 -50 
43 59 -54 90 -37 29 -32 13 -36 -44 -96 89 70 51 -15 -40 1 26 -99 95 -79 -73 59 67 48 64 -72 68 -42 -16 45 83 55 -47 79 -94 -30 -47 -87 52 57 -27 71 56 -100 33 -45 -29 39 -76 31 77 -28 -55 -31 -77 -25 -52 67 56 -93 48 -15 28 -63 -83 62 -40 1 47 88 -63 -64 62 -7 52 64 -68 3 -1 47 35 -73 -40 68 7 -94 58 -72 89 
-59 -34 49 55 -8 -61 39 -45 26 -29 4 -39 -24 -19 -51 58 86 -43 34 -5 -89 -30 66 59 -17 -84 -21 -24 -56 47 32 7 38 71 81 -94 -62 90 49 -81 -46 -26 9 -2 -99 -57 79 -71 100 -38 -76 11 -79 80 -78 35 46 30 -59 57 -71 -4 -53 79 -78 -81 90 -68 9 -34 -12 -68 9 -7 5 -90 -90 -94 0 -94 -54 48 94 13 -62 23 27 91 33 89 
31 -18 -3 -67 -3 -41 -71 25 -77 2 1 51 -1 39 -100 -53 79 -36 -98 -14 9 -2 -77 35 -68 57 -24 17 52 61 -80 9 62 68 85 -21 -54 71 24 48 51 -75 -23 -60 -77 -83 -21 48 -80 3 -81 -65 -27 -28 -95 72 -15 81 57 -8 -93 93 -83 46 99 23 56 -4 -84 96 -34 -29 -40 -96 77 39 -88 64 39 -2 95 -73 58 67 87 96 38 71 21 83 
52 -98 -95 93 34 50 -65 -52 -48 60 12 -8 30 -15 78 85 -100 -34 80 64 -16 -80 -99 89 -1 -19 -29 -66 -60 -84 -34 67 38 2 -4 -25 62 -84 -82 -97 -22 99 81 -55 43 -30 -52 -83 87 3 80 22 77 18 -66 22 -91 0 54 -69 10 -63 -65 -91 26 83 -38 -51 -21 -41 38 -43 23 30 31 -54 89 85 79 -10 6 -18 84 -20 14 100 57 -49 -22 -54 
-18 74 26 69 51 -88 25 78 -96 -50 22 24 7 91 37 -66 -12 75 -5 96 98 -25 -51 -3 82 -21 -51 -29 -55 -64 -9 24 -1 18 -60 70 -35 71 -5 -7 63 80 -70 -85 -52 -75 -63 8 -89 -7 -7 -73 62 28 68 -31 48 -1 -78 10 -93 81 -44 60 55 -73 87 95 -34 11 62 88 -38 56 90 33 -89 -54 -7 46 77 -24 -49 -2 -61 7 -40 51 1 57 
-98 -48 65 75 20 27 -89 -1 -46 55 63 71 76 61 -94 -60 57 48 74 26 -42 86 -94 -68 -65 4 9 -92 -33 86 11 -59 38 -47 60 -100 -98 -57 57 95 73 -81 -15 85 31 -98 32 15 -90 86 6 84 30 47 -14 -69 -52 -83 -70 -38 -35 -95 17 16 51 30 -1 15 -52 9 -21 -76 -16 -48 -3 14 -69 -32 53 54 58 -67 58 -3 -39 80 -25 -86 -6 -100 
-47 39 13 -73 39 22 -7 58 -3 92 70 -28 -42 0 -96 86 88 -87 -27 -43 65 6 78 -72 36 -26 38 30 27 -35 76 32 48 11 -38 -54 55 -62 95 0 54 58 14 -7 2 -33 25 82 -54 61 -7 69 -82 55 71 -64 92 64 -2 89 17 -1 -8 41 48 -59 13 47 75 -57 45 76 -94 -95 52 -17 63 -1 -14 56 -14 52 48 65 -88 -23 -13 -64 82 -66 
-35 -66 -39 40 -74 44 35 28 -10 -70 -64 49 -20 83 30 90 -14 -13 -34 79 -54 68 -30 -27 85 -28 11 76 -62 99 -91 -52 96 43 -32 2 82 -54 35 12 -62 56 97 -60 63 17 -27 96 58 98 84 93 34 30 72 56 -4 -62 54 91 52 66 10 2 -21 61 34 34 -40 59 -71 32 82 -1 2 -26 90 -56 46 -68 -80 -78 -8 -58 -4 -42 67 10 -61 17 
-7 -42 94 -1 12 78 -42 -89 48 53 -61 -49 42 47 -6 80 69 -48 -36 -52 -99 91 -66 -49 61 85 39 65 -21 -41 -50 85 20 25 16 99 -73 -33 -63 53 24 -96 -23 -45 -40 -25 -82 -51 -42 94 65 -67 32 -91 -73 -44 -26 0 61 -46 54 4 -48 25 29 -94 -11 22 47 -40 -41 27 -57 -58 15 48 23 -27 29 -52 -84 -34 37 -47 79 -74 -62 2 -9 67 
-86 -22 -42 50 -92 -49 -23 88 69 61 -74 -63 66 68 21 68 44 -69 93 -71 8 -6 21 76 -3 74 42 -70 -10 55 -30 -96 39 -14 -77 -83 20 98 23 16 -93 -49 93 43 -91 -76 -81 -87 -40 -42 13 -63 -54 83 45 -29 -26 87 32 -63 -62 -86 22 41 -13 21 82 20 64 -96 -57 -31 17 66 9 91 -61 -47 2 26 -74 34 3 -13 38 -5 22 -15 -61 -6 
-38 -58 -61 -76 -89 -42 24 -79 65 59 84 91 -70 30 -65 -27 99 -99 -27 5 -48 -40 -28 -76 60 76 -74 -66 88 40 -14 -92 75 59 -40 88 54 -67 5 -30 -4 -90 78 -87 78 -45 -63 -7 76 41 32 -50 26 -63 -22 -15 70 44 9 21 82 60 3 -19 78 40 83 43 -11 -97 37 36 93 -23 -86 -69 90 74 -53 -93 62 42 -14 87 -93 -45 -6 -47 100 -94 
-36 -60 75 -61 75 -96 18 -7 -19 -8 93 -97 -46 16 12 91 13 -54 -21 51 -94 5 1 -85 68 42 31 -7 -29 53 -89 -67 -79 87 -35 -73 -79 -96 -49 -94 18 62 66 -61 -75 -86 70 -90 -93 -30 -16 -11 -2 29 -70 -51 -63 34 10 93 78 -24 11 23 68 19 58 0 -69 -14 -22 45 10 81 8 -57 28 -97 38 4 68 -93 -56 10 -29 -12 -89 17 46 70 
-98 -86 14 25 6 -81 95 56 66 -42 79 -62 41 91 -9 -59 24 -83 -56 -21 32 78 6 -13 -12 48 93 -68 -96 -87 -47 -81 36 12 40 -52 38 82 51 -27 -80 -23 -69 -63 99 83 50 45 -67 2 81 -92 40 7 78 -36 -52 56 -61 -45 -19 -89 55 -32 29 46 55 63 -46 -38 -95 4 85 32 -71 72 -39 -77 82 14 -69 -57 85 61 77 94 -47 -61 -77 -69 
61 52 -56 -50 1 -89 94 -17 -22 79 41 -27 53 84 -94 -27 -25 11 22 15 16 -85 91 -20 -59 57 71 50 -58 -31 -38 -27 -13 13 42 0 -74 -83 50 57 85 -7 55 -46 -2 95 55 29 -54 99 11 6 27 -14 -12 -12 -4 88 -19 -72 31 -47 -84 -66 -36 -58 65 -73 10 -76 -81 -36 43 49 -27 -10 44 98 -11 84 86 39 65 88 41 -14 -9 26 62 46 
44 -52 -40 -10 11 33 89 -30 -1 17 -49 49 -4 13 26 6 47 69 -29 65 71 46 -83 -100 7 -93 54 46 53 -27 90 11 49 -36 -26 -44 47 -64 71 97 8 -93 -2 -76 -22 -5 19 -21 36 -18 93 81 -27 -28 -12 4 22 34 43 -48 48 3 99 -97 -2 97 -94 48 -31 -55 -70 -16 -17 -99 67 -1 -2 81 -86 -91 39 -44 56 -47 -29 78 56 96 34 -18 
14 -15 16 -70 24 -64 95 87 -69 -99 73 -74 55 23 -98 54 -39 12 73 23 11 67 0 -6 60 21 12 32 -97 7 87 49 -83 -82 98 -89 27 -31 -66 47 -23 97 95 -98 52 -17 71 9 35 73 98 43 -48 -41 -65 92 -7 -31 -73 46 -1 33 -45 62 -33 -76 53 51 -64 -92 -61 -60 -88 -53 85 -79 60 76 -85 -100 -98 -79 -91 97 12 84 11 -21 -22 -22 
