35
-46 -34 36 -83 -66 -24 53 -74 77 20 -49 -2 12 9 2 36 -77 -42 51 79 -99 -63 50 -37 -58 67 9 -39 -46 -12 0 -31 -50 13 -6 
91 69 -99 62 -47 66 35 27 -74 -6 44 -82 -57 -2 -16 -61 -80 -73 24 15 45 78 13 -33 84 77 -88 -86 39 -58 35 -100 62 -1 -90 
-15 66 -89 -33 59 15 -62 -72 58 -88 2 -42 -48 -28 -17 22 75 -37 -16 38 -10 -22 98 11 -19 -77 -33 1 -49 -1 -48 98 -33 58 84 
-61 -95 98 97 -42 39 -32 -8 -30 -96 83 25 92 53 6 60 -67 91 -66 100 -11 49 -75 -86 -80 41 94 -78 -77 -2 -70 -31 -43 -64 -28 
-72 83 93 -48 22 61 -19 -51 79 -89 25 -72 -61 52 0 -68 -88 -24 21 -10 4 -2 -38 -37 -31 70 71 -73 96 -40 -50 -78 -37 61 -15 
-4 -17 -6 4 14 96 -49 100 -38 -52 -27 80 53 66 88 -10 91 -98 -75 7 -19 -77 -70 -42 -94 -11 59 -6 4 60 -93 49 15 -61 58 
-98 86 98 -41 -47 -4 -16 -48 -36 33 -65 -64 61 55 -69 0 -19 -96 73 71 47 -83 35 92 47 68 38 3 -14 39 44 85 -12 -50 -17 
-99 53 -34 -55 20 57 -95 -2 91 72 49 9 24 81 9 -31 -60 68 -11 -63 -55 -40 81 30 87 50 -28 -33 10 55 -79 44 -59 60 -20 
7 85 -43 27 62 72 55 39 80 45 17 28 17 -46 -11 -51 -5 31 -15 83 -49 -99 11 -10 13 -21 30 -3 61 79 37 27 53 -95 -22 
-87 -6 -70 25 92 -84 -7 -5 7 -82 86 28 55 9 28 68 -46 7 -26 23 -48 -90 -84 26 21 18 -52 79 -39 73 19 -8 -12 -39 63 
41 -32 47 27 55 10 52 -3 -38 -78 39 0 -31 -8 44 -15 -16 -47 33 -20 -25 32 97 7 -22 51 -25 86 64 32 100 -70 -59 1 73 
-41 62 -25 56 -7 100 92 35 -25 -24 55 64 56 76 -72 -77 61 98 -64 80 -55 -37 -79 -88 80 -22 45 -64 -80 -63 47 25 3 38 -38 
98 -65 -96 -88 1 -15 -7 88 -77 74 14 40 -94 49 -78 -98 60 68 -82 93 2 49 58 -25 38 -6 -43 -40 -20 46 31 -53 12 -67 18 
50 -34 97 41 -85 -55 -71 43 89 94 67 -3 -95 -12 0 -59 -29 -24 99 56 -78 30 4 -18 -49 -14 -29 -11 69 -47 2 15 -17 38 -11 
42 -65 -73 54 48 -69 -55 58 -59 -14 87 49 23 0 -6 30 42 -99 59 6 76 40 93 1 0 14 43 25 72 -65 -75 33 16 -44 54 
-57 -38 56 46 74 -40 -86 85 -82 -83 2 -54 78 95 -50 -36 16 77 -91 -62 -79 -50 -43 23 13 -20 51 83 -77 13 94 -69 37 55 -50 
-49 -57 54 48 -42 51 -27 75 -97 -83 -43 53 -54 66 1 -90 56 52 -78 88 -42 5 -49 -89 -43 98 -51 74 -88 -22 -87 44 46 44 66 
72 -65 25 -24 23 -64 -90 61 73 -69 86 49 -19 -92 19 -35 62 22 25 99 20 24 -9 75 -2 -62 5 -79 68 36 -84 -97 74 56 -42 
4 -62 -1 -37 40 -75 88 -63 -96 71 5 70 12 76 -1 60 0 62 -21 -82 58 7 -35 14 -44 -99 -70 85 -13 -4 -32 -47 93 -85 -99 
-40 61 -19 -37 -55 -99 -72 66 -30 50 -27 37 -56 47 70 -39 -27 -34 21 -87 76 94 -4 19 -39 -28 73 38 54 -99 -82 36 74 -88 -72 
71 5 -38 4 57 -5 -71 71 80 56 15 60 100 -59 55 -10 0 97 15 70 73 -68 -2 -55 -36 -87 5 -36 14 76 2 58 -7 -60 54 
69 -23 67 30 7 40 -58 -17 -4 92 22 83 -19 -50 23 84 97 -99 0 -97 96 49 83 68 12 -80 -1 72 -8 -58 53 -53 -81 -33 -73 
21 44 -6 -56 5 2 -89 -37 7 51 0 -90 -81 68 16 -68 17 34 49 85 -85 -20 -16 47 4 94 14 -34 29 -45 19 8 -13 22 -16 
-52 -59 10 55 50 -64 61 91 64 73 -90 -74 -48 -90 89 78 72 53 23 -76 -62 2 -93 -74 65 -5 -65 71 -89 -98 75 -32 2 25 -36 
-89 -67 -32 -50 -87 92 82 88 97 94 69 -50 -12 -51 -66 -46 -56 93 -39 58 34 -29 -7 -70 -100 -100 -54 -75 10 -11 -30 -26 -98 91 74 
98 -49 61 28 61 -37 -63 69 32 -67 -5 88 -65 -17 -45 89 -78 -93 -69 58 48 -35 73 -75 -34 -15 83 -22 -29 -76 66 -3 -89 98 11 
-11 36 53 -100 -98 -8 21 0 38 23 57 82 -49 -12 -15 -23 91 29 59 -57 -89 -49 -10 59 -99 -51 76 -15 -97 30 49 13 -97 86 -86 
-7 -79 43 -42 83 73 -93 70 -99 -93 34 -63 47 59 -81 30 -73 -15 82 73 -52 41 100 -79 26 -96 3 15 55 -31 -65 -89 78 -96 -10 
-66 59 -15 -85 -75 30 3 100 -5 -59 -11 -8 18 92 -5 55 71 -94 -41 76 50 8 78 -6 76 -87 -89 -69 70 80 24 49 -78 91 24 
-63 -47 63 13 45 9 -29 6 2 -72 -69 59 28 65 43 -54 -77 25 -64 90 -73 -13 -19 91 32 45 42 -81 -21 43 93 -53 42 -71 -3 
16 -87 -19 -75 -75 -64 -53 -10 21 -43 -50 -37 11 24 -53 0 -75 -12 22 65 -57 98 -22 -26 14 -55 -93 -79 23 2 41 91 -42 95 7 
25 -60 64 25 -76 73 -44 71 -1 59 50 97 -77 99 -33 7 -100 88 67 -59 -99 14 -81 85 74 -50 -13 99 18 -98 100 33 51 82 19 
-9 41 -98 9 79 25 86 -82 51 -44 -62 57 -89 75 69 -17 20 -39 6 30 -2 49 -15 33 48 23 32 72 0 -74 -50 10 -33 51 81 
34 -73 56 -66 1 51 60 -54 -24 48 -79 68 60 -4 52 79 -75 30 49 -90 24 -5 54 -46 56 -81 69 -42 -2 99 85 -21 73 23 69 
49 -52 88 35 -65 48 -5 38 9 -24 -56 -71 37 -4 -57 -56 83 50 86 1 3 -64 -31 61 -54 -35 -7 90 -32 -2 30 -70 72 -49 57 
