80
38 -58 89 -50 65 -71 19 92 44 73 -29 -93 -27 -87 -54 7 28 38 51 -59 19 28 47 63 71 38 -30 27 -34 -7 -25 6 -4 -76 -84 -57 -31 14 -62 -98 19 32 -63 47 98 87 80 44 -92 -88 21 -89 12 37 -46 -51 47 95 -75 77 11 -6 25 62 4 -34 -99 26 -85 45 -79 62 -98 -76 8 17 -15 -97 -77 -56 
74 -32 -76 94 16 -13 -48 -23 -72 90 0 0 62 -54 -62 5 68 -49 -85 16 -89 -87 -41 -73 -97 41 13 13 -86 59 -32 55 -65 -26 0 71 -73 -10 36 -82 -42 -99 29 21 -20 58 20 -66 -21 -76 45 73 -7 54 67 37 -21 74 46 52 -42 98 -80 -83 4 -7 -41 54 -83 3 61 68 75 -67 82 89 -22 -46 -82 -63 
-21 96 -31 15 -50 30 55 25 -24 -93 -14 -14 78 -4 -90 -1 98 27 97 12 -84 51 72 14 -65 -54 -44 -9 -37 48 -21 84 16 -54 -36 -68 -9 -64 -44 34 10 4 75 -83 78 -61 85 -73 75 -1 -58 77 -97 47 15 -28 -97 -75 36 64 93 63 -89 75 -1 -40 -80 85 -78 -21 -8 1 -69 90 94 -81 0 -4 -22 -6 
-62 -8 -91 87 68 -3 -77 20 80 100 17 -77 99 47 33 -70 -4 -10 -89 -24 57 79 -82 29 77 90 -55 51 -100 90 78 58 -32 39 -18 3 49 40 4 87 -93 -39 79 49 50 52 19 85 74 6 31 -32 -20 11 10 13 69 43 -50 56 21 -37 33 -65 47 -42 -56 -36 52 -74 -70 66 60 13 86 -98 86 87 6 89 
34 81 15 100 57 -56 26 61 93 17 49 19 33 -20 5 -54 -97 72 -45 0 -88 85 75 -29 73 -31 -54 -19 10 1 64 91 93 -80 -9 -88 13 -51 15 52 -57 -5 -45 -77 71 2 77 80 -92 14 -97 -30 9 -93 -41 -31 84 15 77 -48 -38 -81 -81 -28 16 -38 -95 -31 -99 -31 -92 -60 85 52 8 -21 72 33 -50 86 
-79 -39 -77 56 -38 -85 75 -76 13 -50 -16 99 -79 -100 -43 -80 73 67 -7 -64 -26 -32 -61 -13 -70 -29 73 23 88 68 -24 95 36 55 -60 -21 -58 45 12 87 -55 -80 75 72 -75 25 10 22 -49 -9 -22 19 84 23 64 20 -38 -85 -100 -55 -72 -13 -77 51 -37 -60 51 -14 -3 -81 98 33 13 24 54 72 -93 -28 -42 -12 
49 97 -17 -10 88 -47 -32 -2 -27 18 59 86 -21 -7 -42 74 74 25 34 -2 -73 57 27 -68 -42 -44 -53 -60 69 -16 -89 9 13 1 -41 -25 -52 -97 39 86 -73 -87 -26 -42 1 -28 -92 52 100 9 -9 -49 -59 86 33 92 67 -62 79 -39 0 -38 55 16 -25 -67 -98 69 -6 5 -2 -74 -46 -70 41 22 -45 -85 -55 20 
-47 -11 63 87 82 -90 -61 1 79 -70 -49 -4 62 26 99 -51 -71 64 -16 86 -22 17 55 100 64 36 71 48 19 36 -23 -45 -55 -82 -36 10 -41 -69 -32 11 -4 -54 -89 58 31 48 -54 83 58 -15 99 55 93 -2 -63 10 38 65 -65 -68 63 82 -75 18 54 -46 -50 61 -69 66 63 -14 43 -100 1 25 82 -67 -17 75 
-10 64 -99 63 -12 -34 18 -99 -70 -28 -51 -87 14 67 91 57 75 20 47 62 -21 -61 71 -68 28 83 20 55 64 -12 46 74 -95 45 25 -18 1 -29 82 91 -24 91 23 76 -73 88 83 -60 -73 -36 75 16 -99 -44 9 -38 85 57 30 -89 77 94 -86 64 -17 -23 -32 -33 100 -63 0 -55 38 22 -46 11 42 52 95 -26 
22 -15 -35 -55 -90 4 -82 91 -79 -55 -48 100 0 -20 84 -61 -47 93 30 80 95 -29 11 55 32 60 -89 38 66 -87 85 -69 88 -63 -98 -88 -71 16 -3 -39 67 -18 -52 -33 -97 -25 0 -90 -44 -49 -66 48 -46 22 18 97 32 -96 -32 -38 -94 40 10 -31 86 -17 78 -83 -56 73 -41 -79 45 -44 55 -72 -97 20 26 14 
-36 84 99 -97 -19 92 61 -90 98 61 21 -5 34 25 -56 84 48 65 -18 14 -83 -79 85 58 -64 -14 67 -57 -34 32 6 -34 60 -53 31 4 2 33 97 -8 -46 -69 75 -65 10 100 52 -64 73 91 -71 -87 38 -31 -17 -62 -58 97 61 -1 62 48 -55 -20 -86 -9 -34 -2 -80 28 -3 67 -9 56 -70 23 48 42 50 -86 
38 -76 -77 -95 -59 79 -97 -49 -23 -24 82 84 50 -5 80 46 -27 9 -20 2 99 84 -28 -16 -12 35 84 6 35 -4 28 86 0 32 -73 46 -47 -41 3 -55 65 -36 75 -66 -67 -24 33 46 -87 66 -100 -6 99 -8 52 74 75 16 -67 12 61 -50 32 100 -16 -51 78 -30 80 10 -42 -37 -70 -11 60 -63 30 76 -60 7 
94 53 33 5 -39 90 -88 -48 -77 -74 92 -63 82 35 90 -12 -8 -76 69 -53 27 -74 91 -32 5 55 49 -65 72 -23 19 3 -1 8 -28 33 -69 52 9 -12 39 -11 -85 -10 -87 -3 70 32 50 96 -90 85 -54 -75 -25 -43 79 -15 16 -17 -33 71 95 85 -89 -86 94 -58 65 -41 42 56 -23 49 22 -53 29 -62 -20 73 
49 -76 -79 -99 -89 -88 26 90 -97 -61 65 -11 47 -5 7 -18 -85 -28 -58 -53 21 -44 -12 -73 14 -5 -39 55 23 -27 6 -19 -35 26 31 -24 78 14 -77 6 -32 -97 30 -38 89 90 -62 -73 4 -58 -80 -8 4 84 -11 0 -36 -73 -46 0 91 26 -95 -10 55 21 28 51 28 37 66 99 38 92 -68 -28 -14 5 41 74 
-55 -49 53 27 -1 -5 65 -34 24 -66 -80 59 3 -75 -89 -32 49 57 -28 -37 -62 43 -72 9 -28 89 -55 47 92 -15 74 22 -62 -70 21 -83 -32 74 62 5 82 99 -79 46 -50 -48 56 25 -3 38 61 53 40 -60 -3 -36 51 40 -49 43 69 -46 19 53 -2 64 74 -57 -2 -19 -88 99 -85 85 -18 -7 -95 74 90 1 
-6 -42 6 -49 25 -34 0 -60 89 10 -93 67 -40 -99 66 61 -11 -16 -45 -21 -100 59 -100 -25 -89 78 -79 -97 88 -7 42 82 77 12 14 46 61 29 46 -17 62 -77 -73 48 -47 27 0 93 -67 75 46 -69 -31 29 -99 88 -53 35 66 -44 89 -77 92 -89 58 17 60 42 71 5 55 79 -49 73 -22 -46 46 0 -83 13 
-78 -84 -9 -34 -70 90 -81 46 -45 37 78 98 -92 -67 30 46 83 63 43 100 4 86 -65 -96 20 85 -58 82 -56 -32 -62 -2 -39 13 59 13 20 88 49 -46 -19 -67 75 -88 4 8 -26 -94 -9 67 51 20 -8 -50 -98 -93 -29 -29 16 -94 -16 -22 -51 77 18 -80 -1 -16 64 -3 -77 64 -97 -27 57 -48 -25 87 36 -30 
-83 66 -44 -10 -92 70 47 93 -54 29 -47 -10 45 -59 70 -24 -2 -17 1 39 89 1 29 -55 16 -57 -62 90 -78 -66 58 96 33 -10 -42 22 -19 89 18 -34 83 24 -95 -34 -5 55 -93 40 -69 72 93 -29 97 16 96 84 14 -62 85 -52 -30 -80 62 -79 80 -92 -79 85 -82 -24 56 -78 59 6 32 9 22 92 -97 -41 
74 -85 -69 -99 -57 47 -84 63 -92 -80 -97 -72 42 -55 -19 49 -37 44 53 -32 -94 -59 -13 72 -58 -75 42 -44 -74 0 -40 0 59 -17 -61 -25 79 -78 -34 92 -6 -94 13 -41 -67 15 -66 42 -77 100 -91 56 57 31 34 81 -100 -45 -95 -16 -98 66 -82 17 -75 50 -98 -53 -74 56 75 44 72 -17 -51 -95 52 49 -75 50 
22 67 -32 49 -83 -45 -24 77 93 56 -11 -5 56 21 24 -76 -25 98 26 10 52 27 -75 -99 -13 0 -40 8 -57 9 99 87 13 44 -36 -99 -79 -10 74 -70 78 10 -35 97 40 28 -44 44 -83 -66 -42 -31 26 39 62 81 -32 13 61 -47 81 4 -19 30 -40 37 -42 -60 -73 4 3 -61 91 52 89 55 -34 -63 -14 10 
-92 57 4 67 90 28 -29 -17 -91 -23 40 -36 60 -15 31 7 27 -8 -67 43 18 26 -82 -90 -19 -58 -37 -62 -98 -25 -60 25 -95 -12 -8 -96 50 -19 -99 -3 69 -17 43 69 37 -51 97 89 55 30 -57 80 -94 -1 10 32 -69 -10 -3 77 42 -19 -79 10 -65 51 -13 -55 84 27 27 97 77 -52 80 100 24 30 94 32 
-53 55 76 83 -24 74 -57 40 -37 -18 -27 77 52 62 -42 5 49 -58 23 29 76 32 -37 -40 -21 41 62 70 43 80 -68 66 -35 -66 36 98 -12 30 4 50 -62 86 -10 0 -39 -1 -56 32 41 -54 -45 64 14 55 -31 -22 -52 -33 -66 -27 -86 21 -96 -48 -11 45 -46 6 -89 94 -42 63 -48 -39 13 -50 -32 -89 -20 50 
-32 1 -78 -2 92 91 18 46 21 -89 66 36 58 6 -17 67 79 11 51 95 -97 0 -96 -47 52 -19 -92 -67 93 93 35 -58 50 37 -24 -29 58 78 -92 -54 -22 27 85 57 -97 2 86 -28 -53 15 70 -63 86 -48 -72 -30 -78 -38 68 84 62 -16 -44 -100 7 -58 -66 84 54 -87 -37 15 14 -40 0 -82 -100 -87 -43 -9 
-31 -63 76 66 -32 -66 -97 -57 0 -77 -48 7 -63 91 56 22 0 4 20 -50 -16 -39 -99 -83 -80 -55 49 -36 -14 -82 -45 70 10 0 30 -82 25 -59 -16 -36 -90 -73 -41 42 44 -91 -30 26 51 -53 36 -11 -66 91 7 1 -20 67 68 4 -57 25 21 57 -64 -76 -62 -32 -11 0 -93 57 -96 62 70 40 78 -92 1 16 
29 10 -44 40 -83 -86 76 77 -16 21 23 84 -37 63 87 -13 48 86 27 -90 -12 61 -74 -9 92 -31 17 -13 55 -16 -13 -41 -72 -32 -82 -38 -29 -58 65 59 -62 -55 85 80 -70 -6 96 96 -9 -42 20 59 -43 -9 15 -83 11 66 -55 -63 -48 63 82 20 -90 -87 -80 47 -83 -32 -47 5 -41 90 76 -75 -9 -90 76 -89 
29 61 -27 -16 33 -41 20 -39 -97 -60 10 23 -33 -33 71 -48 77 3 24 9 58 -83 0 -76 -67 0 -40 76 50 97 47 12 -30 27 -46 66 45 -4 40 -100 -90 8 -79 -98 -41 74 -86 -46 20 63 40 62 -86 -36 -9 91 60 34 3 39 -1 26 -25 14 -93 -1 33 -29 37 74 -29 -67 -67 92 -49 33 -41 7 89 100 
-27 -61 -74 5 -6 -36 88 33 -1 87 17 66 -45 74 -21 -35 -66 40 -31 -69 66 47 -15 -10 8 -58 35 -70 80 -15 -46 -53 47 -84 -95 -6 21 96 -85 -13 89 11 -44 -58 16 -99 -35 -94 89 33 -52 45 2 -44 -12 0 -29 -98 -9 -59 -36 34 -39 39 -30 88 -32 38 -91 -12 94 48 -6 58 57 -24 83 -2 100 78 
-73 -10 -59 -49 -7 52 33 -89 -98 92 13 -66 -86 16 -40 14 -37 46 77 32 -58 -10 86 61 -66 23 -77 -25 -54 20 95 -52 -99 -97 -38 -40 36 -65 -90 -38 -34 94 40 95 35 -94 -17 85 41 37 -89 43 17 -32 95 76 -75 -31 77 -70 25 70 -52 -89 67 99 39 35 65 25 79 -20 66 96 -78 -9 -11 -88 -43 -76 
-100 36 -26 -82 -57 72 24 -60 -35 58 -64 -54 37 -56 -65 63 -59 82 16 50 85 76 98 39 92 48 62 94 -5 -98 -44 34 -4 92 -29 -53 70 37 97 23 -1 18 -20 11 -1 50 -86 -39 86 6 -51 -17 -88 6 26 -52 49 -18 88 64 26 49 58 -52 69 54 97 -52 54 79 33 5 52 83 -50 52 -81 19 -74 -52 
48 -38 -29 88 55 -76 -67 79 42 26 -44 -11 -92 -61 22 -36 76 -62 -56 13 58 93 -71 44 10 -8 41 44 -85 22 -72 -79 50 20 34 -18 -10 -24 -71 69 42 -82 14 99 81 -76 75 -74 -43 26 -5 -18 -22 -73 5 -14 22 57 -70 16 -76 69 -17 94 83 91 -31 51 -91 -39 100 8 -38 -1 -97 31 -16 69 -51 -70 
-83 -34 20 -25 -27 15 -72 74 -58 11 -31 -25 -27 13 -27 -75 -83 -78 92 -64 -95 79 -75 65 36 73 50 26 69 37 8 31 -75 -53 -22 -19 -39 37 -79 -55 0 12 36 70 60 -90 65 -90 -10 -94 71 -77 19 -53 -92 -48 -5 -64 93 -8 -1 62 -89 4 66 -30 -26 -70 -61 -91 -52 -5 -87 -65 -85 18 50 -9 -10 -93 
79 -30 -72 56 49 -89 70 -82 -93 -50 14 -70 63 -23 -1 -38 -98 68 45 35 9 -27 0 0 -82 10 20 66 -74 -82 95 -13 -66 -96 -69 76 60 65 88 9 -74 22 90 -46 -7 38 7 -44 -2 32 -61 76 -4 -30 55 -39 -47 -79 39 -60 59 -88 -70 -53 -10 -26 -88 -88 -87 39 -58 -6 70 -82 90 4 66 72 -67 96 
2 56 40 2 74 41 -32 54 43 34 -14 23 41 -28 7 86 72 -42 34 45 10 -64 -17 86 -40 -34 60 74 27 39 9 92 72 48 -75 77 77 20 40 -98 4 -14 46 -67 -89 70 -44 -27 -90 29 -71 17 -47 -72 70 -66 -88 74 -93 1 -86 -91 7 -93 86 78 -8 16 -66 16 -53 -74 77 69 93 -58 15 35 40 -58 
0 -18 85 93 85 12 -34 -42 -16 -62 8 65 -55 -40 84 35 -83 -87 98 27 -36 -62 -96 90 16 -79 79 27 -96 -76 -48 8 87 -37 -85 -79 57 50 77 53 -54 -38 -39 4 96 7 -27 -47 -83 45 59 10 79 54 54 89 52 43 -97 -72 48 -86 30 11 6 -91 49 -39 61 -77 30 -93 60 -34 37 -92 50 35 -60 78 
-48 -79 -61 -74 -46 -10 -90 38 -99 -71 20 95 57 59 65 12 71 90 27 49 -34 66 63 86 4 0 33 17 -93 -25 42 -16 4 -72 7 48 64 -72 19 69 -95 40 74 65 1 -69 23 -61 30 45 -49 48 17 49 -71 48 74 65 -21 41 63 -85 76 52 53 -46 96 37 -57 43 73 55 28 -46 61 56 56 -70 3 88 
-22 -26 23 -11 24 -63 16 88 -61 -61 -90 21 -22 29 67 -49 -67 -24 16 -25 80 87 -97 -37 -39 -12 -52 -51 -1 20 63 -28 -68 -17 -49 31 52 67 -73 6 86 -74 0 -31 16 -97 95 -9 59 -65 -24 -73 0 72 33 -11 -70 21 81 83 28 94 -99 13 36 57 -34 -14 -62 -65 95 66 59 -83 84 47 40 60 50 55 
-6 69 70 -81 29 -5 94 -65 40 -4 26 -6 -69 13 16 39 -30 -49 27 -9 -61 -92 -26 31 52 96 -5 10 12 -97 53 82 88 31 -19 -33 16 55 89 60 20 84 -33 45 -30 -28 -56 49 -88 -52 42 38 -6 84 100 38 98 42 7 4 56 -31 -14 -88 -39 28 77 -14 -25 70 -81 3 71 75 -39 0 17 37 -26 -65 
36 -82 46 47 -15 82 -70 77 -62 -36 -70 -85 59 99 -85 -26 -23 39 -59 55 88 38 -39 -39 -17 90 -24 3 -71 -19 -16 -3 12 71 -59 -93 60 13 31 -78 39 64 42 28 0 67 62 10 -87 -23 81 -44 96 43 -30 12 -76 -80 -68 -99 72 -70 -50 81 40 89 -63 45 40 75 -3 95 46 2 85 -89 33 92 82 88 
80 -88 5 54 90 75 -17 -97 -54 -66 13 -23 34 100 61 14 -72 74 -55 -58 -67 83 4 77 -28 -65 5 -63 -58 8 -84 -82 -94 20 19 53 -75 54 -47 -67 -27 -61 89 47 29 -41 -71 11 -40 85 -25 71 71 -45 -59 -94 45 -53 20 7 49 -40 -80 37 20 -75 98 38 -84 31 45 68 6 -2 -14 39 93 -98 3 -78 
-24 -17 10 35 100 -89 78 -98 20 -56 -70 -94 26 46 -11 -90 12 96 -16 -20 -90 -7 89 89 70 0 -9 40 -59 -7 -35 -6 -69 23 -63 -57 -53 26 -95 42 -54 -71 38 91 -46 -100 10 -32 -10 -36 -75 66 -72 -74 -48 100 68 3 23 47 37 -35 55 76 59 86 44 -62 24 20 -7 66 -58 -64 45 -24 42 75 -36 -95 
44 -49 -100 29 -51 80 89 75 -67 -84 77 9 -13 68 86 89 -28 32 70 -98 2 -34 11 77 -73 -66 -31 -92 47 -12 44 -41 33 17 -25 -31 -44 -32 -23 -24 -54 33 95 21 48 -1 77 -89 -95 31 76 -63 -45 53 -64 70 -10 -27 77 -27 -92 -65 -46 61 -86 54 88 91 -44 59 9 -81 7 19 23 1 64 27 31 -79 
66 58 34 -44 -32 20 11 -51 -31 95 -65 -33 -82 -9 -4 -49 -24 -58 -73 -53 37 -28 70 -99 -51 42 -14 43 18 92 -14 96 -69 -25 90 -14 -6 -37 85 45 96 -5 12 41 15 76 -11 58 -14 33 -84 33 50 -34 -82 -48 -81 53 -96 -66 70 94 -57 99 25 -82 -98 -62 -48 65 91 28 -87 46 63 -7 -21 -68 97 53 
-89 -65 -9 60 -51 27 75 43 -22 55 -99 84 72 -91 48 -1 4 -90 6 29 47 59 -91 -41 85 88 82 70 -90 -25 29 -18 -16 -59 -97 81 14 -98 -94 -93 -67 -58 -12 -98 47 -35 -46 -13 -22 -51 -45 33 70 -58 -50 22 -44 83 -98 -13 100 -68 9 77 75 -82 91 87 51 -74 -80 -31 85 32 56 62 -7 -55 37 -58 
80 -69 6 53 -99 36 -58 -83 39 60 46 74 -96 35 5 -27 95 64 9 7 64 19 73 -55 -27 -35 74 -78 6 -2 71 10 -26 -97 -50 -33 47 15 -1 29 13 38 3 -96 -84 -90 18 -25 -52 87 -3 13 -66 -30 91 -96 -73 -18 81 94 -60 -36 -67 -10 48 48 99 -62 -39 24 86 -55 48 54 52 -44 15 50 64 5 
-85 -68 13 9 -93 22 38 -40 51 68 -27 33 95 20 -2 24 95 -47 -80 -16 -48 -14 23 49 -87 79 -31 -47 -11 64 -54 -51 81 45 -91 92 81 -11 -12 -18 -71 64 -68 -3 87 26 -65 -8 -66 97 42 5 -28 20 -29 77 85 -53 16 -88 18 -83 59 -14 23 -62 -5 27 97 71 -13 -42 -36 -17 -71 -13 -15 -43 11 2 
91 21 88 33 -32 -39 -23 44 47 -18 10 98 38 68 29 -27 -46 -33 90 -26 61 -75 -9 25 -34 -67 36 7 -51 90 -75 63 31 -70 100 34 -99 45 -82 -39 26 80 15 -91 32 -15 -13 38 -38 80 -75 29 13 84 10 -95 0 -92 45 50 -27 -85 46 20 -31 -23 -61 83 31 49 72 45 91 -12 39 -26 49 89 54 -17 
-89 16 -78 -98 97 -65 -56 -94 56 19 10 -31 -37 51 -44 -67 82 -4 -57 39 -6 90 -84 32 17 -2 33 52 -34 38 21 -85 -58 -79 -17 98 69 16 78 83 58 -51 13 15 34 -65 -9 46 -92 -96 51 -47 17 -39 50 23 31 3 -28 33 -26 34 53 -40 -73 82 0 30 -28 89 -51 -23 62 62 -90 -24 -37 92 -87 -95 
-22 -100 -33 -54 0 -34 -97 -10 -3 -50 -47 82 15 55 97 25 -55 -21 -16 83 -52 34 -42 -40 4 4 97 -17 94 52 90 -36 5 -98 39 -76 94 52 -45 -70 60 57 -69 -73 89 -37 68 93 -67 23 44 -27 48 -46 85 52 -19 76 -89 -30 -18 14 15 -62 -4 -92 -11 77 39 25 16 45 -9 -26 0 -67 -31 47 -14 -82 
42 60 -27 78 90 56 88 -67 -75 93 -87 -73 -87 45 27 7 25 -12 76 11 -40 -8 79 55 17 71 86 -80 61 -66 97 89 0 -11 -38 42 33 39 76 23 89 0 15 -33 86 16 87 -91 8 94 51 78 -65 -93 -16 -8 -25 24 -75 38 73 85 -85 54 48 -63 2 59 -92 44 -52 87 17 -1 -29 81 -83 36 13 81 
22 -48 24 -99 -25 13 71 94 0 -88 47 -73 3 -18 34 63 -14 29 43 61 -38 -87 -81 -53 -84 64 79 -96 63 70 85 82 -90 -31 -58 37 78 -72 46 -28 38 -30 -82 -27 36 -38 -57 35 5 -41 -67 -14 -22 53 92 57 38 -1 -10 -91 -88 -19 -33 69 -86 71 -38 -68 -78 97 52 52 -86 -42 17 -66 -99 -98 31 16 
80 -53 -4 43 -3 -23 -10 -97 52 -40 -55 22 97 -24 99 76 -46 71 85 -42 -9 -17 -83 32 3 71 -57 80 17 -82 -54 -57 -81 -59 -29 -73 -55 58 -92 49 48 80 -42 -99 44 -26 -6 -88 64 80 -54 -41 -81 85 60 12 -74 -37 -8 4 58 29 -50 -96 -13 49 -97 -39 -65 71 -85 -79 -32 19 -46 73 -46 -75 -50 -100 
-54 46 55 -95 -69 -59 -43 88 1 -20 -69 -84 -39 30 -68 -57 -44 -64 -33 -53 -1 -22 -14 -42 -24 48 -64 77 46 -64 58 87 -100 28 -22 -82 -6 -48 -40 6 10 -73 82 19 -59 -24 48 -72 -67 -71 81 -45 73 -43 -92 48 89 74 6 3 -34 -90 -2 -41 -65 41 28 77 14 -73 96 66 47 95 83 -28 -9 40 -54 43 
-47 -59 36 89 -41 -67 -56 2 17 94 -68 -94 45 -6 8 49 -29 -44 -19 -73 -8 90 87 34 -64 47 -13 -85 -15 -85 29 -62 83 11 -89 -65 -37 -91 35 42 -83 -83 25 16 -77 -1 -29 96 80 98 98 -69 78 -34 -65 -82 12 60 -91 -51 33 0 50 66 -4 -81 -36 56 50 -11 -12 96 -72 64 -2 -23 -62 87 -69 -20 
58 26 49 90 -28 77 -30 50 84 -12 54 -45 -41 -69 80 -57 20 -2 -7 2 -10 -54 -1 11 -2 -6 15 -55 51 -81 -36 -37 13 21 -79 -42 -1 -26 30 30 -21 -26 78 13 -52 -49 -5 54 -33 -88 83 -24 -87 1 -16 59 22 32 -13 35 83 -84 -80 -16 -62 -6 -65 -22 31 71 29 -63 25 75 0 -61 -31 -86 95 -24 
66 96 -71 49 6 47 -49 4 39 24 -56 -48 -25 -40 49 49 -81 -83 -82 -30 -78 -73 -93 14 -42 -79 42 16 87 78 -39 -1 50 -68 83 -84 28 -4 36 -93 79 -29 -8 -48 -35 -32 -55 -11 24 3 -50 46 7 7 7 4 62 21 44 -81 -48 -25 -58 71 -43 -8 67 -2 55 42 78 -27 -3 69 -78 -72 -41 -43 -68 22 
-34 -61 -48 -45 9 -78 62 64 -60 49 29 -76 17 -8 -2 -44 48 -68 8 74 23 49 62 69 -91 91 51 -81 83 14 89 -96 56 100 -50 54 -63 57 47 89 -85 33 -86 8 54 -57 -39 -29 59 41 -57 -62 13 -78 -54 23 -16 90 -59 71 -19 -81 38 -9 28 -62 27 79 -27 -57 67 0 64 -99 91 16 -8 20 -39 26 
90 -48 64 -98 85 96 -15 58 42 -68 65 91 8 -4 80 3 17 -62 -70 47 26 43 -39 -79 -33 83 38 -66 -84 17 24 59 49 -84 75 43 -11 -71 -5 44 77 99 59 57 26 -13 -47 -54 35 15 72 24 63 -40 94 -6 -64 -93 64 -64 -83 53 41 65 -84 60 -66 -59 93 50 -87 -2 -94 25 -65 53 91 -66 -58 14 
80 31 -68 19 -50 -53 -1 6 -44 -41 56 0 -89 -72 -27 29 69 -23 -62 -3 -20 94 81 42 27 23 -27 60 37 26 95 -16 44 99 -19 16 46 -51 -42 -41 -99 74 55 -6 -34 85 -9 32 -57 -14 25 -60 -35 -28 25 -59 -48 -41 70 -64 47 -65 43 -45 68 65 -31 -20 52 -26 -79 -73 15 41 23 73 3 13 -90 100 
-13 -26 70 -89 87 -82 -12 -51 -30 58 45 -59 -34 -7 19 34 87 -79 12 -48 -98 -21 -48 -83 -7 -67 12 18 50 11 -24 -98 -70 54 72 28 59 -84 96 91 99 97 99 49 -27 -40 -35 -71 -79 -83 3 63 -49 50 -74 1 -89 59 33 -82 89 -56 -58 83 48 4 70 32 -48 49 -74 44 -40 -13 -59 -7 76 59 -83 -15 
7 62 95 -73 10 17 61 -73 61 78 -15 -3 61 48 -76 -38 -12 -29 -31 90 -66 -5 14 59 19 100 -93 -100 3 96 -1 94 87 63 40 30 94 40 26 -94 29 18 -37 -52 -87 -87 -83 -1 93 53 -18 -5 38 -54 15 11 2 -22 10 60 -97 -80 27 -15 73 -53 -7 -19 52 -19 7 -27 -99 28 64 19 -46 -60 59 -97 
46 6 -21 48 -11 -22 62 -12 32 48 -92 -92 -79 11 -68 0 -30 1 -89 96 -41 -3 70 -22 -35 73 -69 -68 -34 56 75 -78 46 76 55 99 -87 39 -65 -66 4 -23 37 79 54 12 98 73 -42 61 -1 -96 -56 0 74 -93 66 -7 83 -97 -96 98 14 67 -63 36 19 -17 90 -83 0 40 72 52 4 92 -48 -41 -55 7 
93 2 -15 -15 -42 11 60 90 -72 94 57 46 9 -48 0 18 48 3 60 -29 -3 98 6 85 14 30 44 -15 17 84 34 -73 -12 40 59 2 -12 39 48 -92 -28 -98 -50 -70 -51 -92 4 -71 -97 -39 78 4 51 68 69 -100 52 -43 28 -56 -56 79 -99 38 96 82 -1 6 -14 14 -69 -10 -99 -84 -75 -72 47 -17 42 35 
76 26 -62 -99 -70 35 6 -89 -45 -95 50 -16 -33 79 33 83 37 -95 54 59 -30 -9 9 21 -69 -41 -70 -60 -45 53 -6 -18 -19 -36 69 51 21 17 -55 94 64 73 4 -43 -1 -36 -69 74 -84 24 94 23 99 -72 -3 -17 56 -40 8 -17 89 76 -42 19 71 -44 4 87 1 7 -58 -24 -55 40 62 -59 -59 -7 -21 56 
-49 94 -83 -34 86 30 98 85 -26 72 -19 -63 57 -94 -54 5 23 29 -100 -65 76 56 -25 -24 -46 3 -23 -7 94 -23 -66 46 50 -86 88 72 93 39 -36 12 21 -32 33 -12 -76 -17 -29 87 70 48 36 54 45 -85 -57 12 -46 8 93 -20 30 30 -62 -54 69 -20 92 7 54 -17 5 17 90 76 -15 56 -91 -72 -84 -56 
-98 40 7 6 18 20 -93 35 -59 -82 -25 94 16 4 -94 68 38 78 85 28 -78 76 98 -35 11 -96 -22 91 -10 38 -68 54 64 48 -15 -23 -56 83 76 38 -74 -29 58 -50 15 14 2 86 21 -96 85 -52 -73 93 26 65 -6 80 -82 -11 -39 82 -52 52 -68 64 -89 -7 69 51 -64 89 -53 -12 76 -31 76 67 -75 -12 
-2 53 -51 55 37 -37 81 -46 -86 39 88 -47 -59 -73 86 -48 -1 -55 -63 -40 -67 92 -92 -41 27 85 89 -40 26 73 -60 98 74 72 70 47 73 43 -59 -54 -68 3 -67 -64 20 77 -43 -58 -80 88 -45 -60 42 91 91 -84 86 2 19 62 -33 91 90 57 -36 -7 21 -72 66 -94 60 -98 80 78 -71 -30 53 100 -58 -17 
31 -16 0 58 52 -47 65 66 -93 23 100 -45 56 9 -50 -43 -31 -62 -28 -10 93 34 -93 87 75 9 -77 7 0 -61 90 55 -20 10 30 98 -1 21 39 -94 -58 94 37 46 -8 72 33 45 71 72 -15 49 -54 -25 -49 -79 45 47 -53 27 -9 84 38 -54 -91 64 -40 95 -96 16 -7 39 27 -82 75 46 -23 -44 63 -100 
35 73 -67 -37 26 -30 -51 13 -73 -78 -14 -92 -94 -45 -17 -90 80 -88 -6 -27 -10 -7 87 94 -77 -55 73 -63 27 50 -97 46 14 38 -35 46 -19 25 4 -91 -71 64 2 43 -68 72 -10 -92 -21 94 60 14 18 43 -36 34 34 25 1 -73 -22 -97 43 87 56 -77 -16 -98 70 3 58 -72 40 29 81 73 -56 -67 83 -80 
-50 28 15 -29 -1 -95 45 18 -5 18 -60 11 62 56 31 34 -94 -20 -44 74 7 0 96 -50 73 -77 24 89 -2 -72 96 74 -62 44 -100 53 19 12 -70 -75 44 -12 -33 43 45 35 87 92 70 95 -45 97 -23 -32 49 35 -24 20 -6 -63 -45 91 37 90 -80 -80 22 62 -98 38 0 36 16 -17 -69 99 65 78 -4 53 
-44 10 0 50 61 42 73 -73 35 0 99 -22 -47 74 -95 91 62 -76 -27 3 21 -99 -8 -23 57 -67 -77 6 -10 6 -32 -87 66 45 -96 -41 46 8 55 50 25 82 -80 33 -35 37 -20 67 95 -88 48 95 -54 -9 26 42 -78 -23 -12 -9 5 61 -92 63 -26 -37 59 19 12 47 82 -31 5 -59 -78 -79 -6 9 57 -48 
-100 51 39 49 -33 -74 -96 -34 -87 24 69 -43 -11 64 -78 55 38 -24 -1 12 -33 4 -87 54 43 -15 -97 15 12 64 -92 10 58 -52 37 -51 28 -61 73 -40 -32 -5 93 -62 -36 -24 -60 -49 80 85 -68 -45 53 52 -86 45 70 60 -21 -1 -45 12 -30 -58 -92 48 -79 80 57 60 -87 -17 -97 89 -53 24 35 -52 11 -49 
9 38 97 -52 13 -78 78 88 43 -11 10 77 -88 -20 60 95 -42 91 6 -97 -36 10 -10 2 29 17 -64 65 85 33 28 63 60 96 49 65 39 -95 0 90 -59 -79 -36 -31 -9 -21 20 -19 1 67 -3 61 -61 -37 35 27 73 -23 -6 21 -6 -88 -4 18 -81 28 -28 32 44 91 -13 5 44 54 -54 32 -62 84 -53 -18 
-95 75 -53 -87 -30 26 -27 48 45 27 100 79 68 21 3 -52 -59 -74 31 -98 -90 -69 54 -44 26 -42 -68 94 -75 42 65 -97 82 25 6 25 -11 -26 85 -64 28 84 -80 26 36 -48 -85 -29 -3 -84 67 29 -99 80 66 58 11 -57 -52 31 -29 15 28 -70 57 85 92 -68 -97 40 56 45 -94 -76 36 -22 -18 -99 -45 4 
27 -46 74 -18 49 -3 -73 28 -50 28 79 34 -9 -53 31 78 54 34 12 -15 -34 20 -49 -67 23 -75 -83 -95 37 21 50 -28 8 8 71 -100 61 -16 38 -59 -84 -95 -99 -15 52 -5 91 85 -89 27 -68 82 73 -71 -92 52 -78 -79 -95 72 -86 6 57 100 -71 56 9 94 -65 -77 28 -31 22 -85 -94 -45 -7 70 -69 43 
-50 -24 -16 -91 73 -8 -4 31 100 95 -65 -65 -27 -38 79 61 -54 0 -51 -65 25 -80 -29 59 12 -59 9 -48 95 -8 40 23 -85 -77 -33 -1 70 -18 -85 -31 -89 70 -67 53 -83 -73 -15 -100 -73 -60 58 59 49 -22 77 -47 8 71 -43 50 69 -44 -87 11 -49 63 18 -91 -4 10 -32 17 90 -50 -42 24 18 -19 -23 30 
84 -24 39 -7 -31 67 9 82 42 91 79 -52 35 -64 92 -15 55 71 53 -64 25 -68 33 1 66 11 16 -6 -32 -84 62 33 -90 9 -28 -42 95 -64 -87 -100 6 6 100 -69 -69 86 77 -67 -33 -99 -41 -44 78 -71 94 -33 36 15 -50 -47 -59 -63 95 -54 -13 95 46 -10 -51 46 -18 -45 -86 87 -80 97 -26 -30 -12 52 
-32 -34 19 -41 20 -73 -13 60 -81 42 -10 77 36 -7 -6 -65 54 32 10 6 63 -58 2 71 -64 56 26 23 -14 -2 68 -21 -56 -88 0 -3 58 18 55 85 -43 -16 63 -73 67 65 -72 39 -34 -2 -41 26 35 75 -100 79 58 -49 94 1 -22 -24 -93 32 40 -88 62 -47 -34 54 -100 31 45 -52 -59 56 -40 -68 8 64 
9 51 0 -16 -22 -26 81 2 41 -61 22 70 -31 -47 44 30 63 -91 61 75 14 -18 -79 78 -37 -57 66 -37 30 35 -28 15 32 22 -66 -89 -96 17 -8 -94 95 -86 35 36 -1 -26 -5 30 24 -37 -15 52 2 -82 -55 -3 33 90 -43 42 92 -51 -83 -99 86 -68 -73 -92 37 24 12 78 48 63 19 -36 70 62 9 -12 
-23 48 -95 -44 73 -56 40 -84 69 29 -72 35 -38 17 -90 -48 48 -20 -23 -66 50 -96 -87 41 -40 -51 -1 100 0 90 28 -25 15 9 -34 2 -90 7 98 -87 -25 -94 41 89 -38 14 -28 -41 -77 -7 -59 38 -49 -73 81 -27 75 -88 25 -85 39 -35 97 -73 -77 23 12 39 67 45 95 -80 -35 -82 81 38 -9 20 58 -10 
5 14 -30 -29 74 -75 64 -47 -73 15 83 -53 -33 59 -60 40 -82 92 -73 -62 -23 -76 33 9 83 96 33 33 -41 -82 -52 -51 -62 -55 -82 67 50 38 -50 -78 85 77 96 0 -84 70 76 32 34 -8 -47 66 92 -93 -33 -72 -23 -7 -95 -93 -1 16 -56 -88 72 -95 30 -7 -83 -81 50 -2 66 -62 -60 25 -40 19 69 51 
