20
6 34 -50 84 -30 56 6 -11 30 78 87 40 -75 -9 21 -79 44 1 67 -62 
22 -30 -15 -30 -29 -28 77 95 -57 -76 0 -25 76 -58 -18 98 88 -66 21 -19 
-64 -84 8 25 -52 95 55 -52 -4 89 -34 -77 -52 81 11 44 -16 68 -52 2 
6 -96 3 -58 84 -8 10 95 -83 -40 41 -2 -87 -99 -60 -44 71 -98 25 29 
-21 -23 3 99 -50 -16 30 -79 -96 -100 59 35 -18 -76 -96 -12 -66 -17 14 -38 
32 -44 0 -92 43 -30 85 23 -84 -74 75 64 -69 69 0 -47 33 19 -82 -2 
54 4 -57 22 74 1 -59 -89 25 -38 -8 -52 82 -92 92 51 -70 -46 12 66 
98 29 28 29 7 94 -93 -12 94 21 22 -13 -37 -16 -95 -92 50 45 -96 -58 
79 57 96 90 -49 48 -41 35 57 -62 88 51 7 -94 65 -94 -41 -30 35 94 
14 -12 43 -33 -57 29 -52 32 61 -71 24 -77 47 -72 40 79 11 36 -24 59 
85 -86 -77 80 -86 30 -87 60 97 89 22 -68 -100 -56 18 35 9 -30 91 67 
67 50 6 14 -56 57 -4 27 -16 -78 -36 -78 -98 -7 -99 -5 -95 83 -65 99 
22 -51 9 90 -39 32 84 16 -12 -90 -18 -83 76 -72 63 -92 -72 93 -83 -2 
22 36 82 -54 -57 7 36 -59 86 -31 -74 -55 -13 -23 3 57 -50 0 81 -2 
-34 -21 -27 45 -54 47 27 50 79 -92 -46 33 51 85 -3 75 -42 -12 -29 -86 
6 -23 -36 20 -90 56 -81 7 -21 -55 -42 -48 -10 -59 97 82 45 -96 -87 -50 
9 42 0 -64 73 -13 24 -16 -27 -22 70 -15 -22 -79 -45 -2 -14 -60 -66 11 
40 47 25 26 -15 -79 -70 42 45 16 65 80 39 70 93 -47 -3 -100 96 11 
-56 -30 72 46 9 35 28 80 -32 -84 10 -46 -37 -33 56 -96 -57 -14 39 -52 
-57 -75 -8 -28 -11 17 50 -43 -75 94 49 -65 -47 35 -4 -95 79 53 -12 -80 
