100
67 -17 38 98 -38 -4 33 -51 -45 -7 70 -77 29 -90 -67 -3 29 32 -90 -24 -98 76 15 -84 -63 19 69 -25 94 -46 -21 -10 -32 -50 15 43 77 71 84 97 -8 38 -55 -55 -41 83 49 -53 84 59 7 -5 51 -84 -70 15 -94 -55 -85 39 81 28 -33 13 -83 -69 -51 88 -11 -60 -13 97 0 34 37 -78 23 -93 -38 -52 -43 36 37 9 -98 -13 -71 -99 -16 -73 17 79 -22 85 20 8 -60 42 -64 76 
46 -38 12 -86 19 97 5 57 -61 41 -98 -40 -100 -37 59 -97 -35 -32 -90 -83 90 3 -84 86 -87 92 36 -31 -51 -75 99 -85 -25 0 78 69 68 42 91 -87 -37 85 -36 -89 16 -77 68 -59 -38 74 -6 96 66 58 81 69 94 -8 -8 60 89 -9 -78 -22 -28 -50 73 -79 19 -3 73 93 74 72 12 42 70 86 -90 -68 82 -64 10 -58 72 -83 62 -37 93 -3 39 47 4 -67 33 -61 -25 79 67 -58 
8 -61 12 45 77 -83 29 68 63 63 41 22 -39 47 -45 26 0 63 19 54 -75 -40 84 -63 25 -45 -56 -70 44 -3 -90 -46 57 -16 -4 48 -63 -13 -10 -65 14 -29 51 -28 11 -53 -32 -61 96 -91 -10 95 55 -43 -31 -2 75 25 -85 87 18 -61 -75 -20 -6 -95 46 20 20 0 -60 -47 -11 -78 79 -66 84 -40 13 24 -75 93 72 57 68 3 -84 84 -13 -53 59 -33 50 -95 -27 -27 2 -69 -14 5 
90 78 -78 57 -3 92 -68 -95 -86 38 27 -63 80 -65 -87 3 72 -53 -35 27 8 -70 -62 65 -87 -15 55 91 88 69 -1 -16 10 -29 80 -38 58 -39 -95 -1 -55 24 87 61 -29 -96 37 -85 97 1 -13 -19 14 97 57 -72 99 -28 60 -66 -20 74 21 84 89 -89 -75 56 93 1 -48 5 97 -42 -90 4 -24 -6 65 -58 -49 78 36 -45 -67 -4 82 8 61 -46 73 -92 -51 3 72 74 -81 26 7 61 
63 58 17 87 -92 -70 -99 -65 2 24 -18 26 25 48 67 -97 100 33 -89 -10 42 -65 -76 -80 -77 76 -48 43 -64 -70 -72 25 59 16 -48 -57 50 20 87 -67 98 -13 66 61 -85 -50 -95 -3 96 43 -55 -27 -42 53 -6 -68 -74 46 -64 78 -18 -56 -75 -24 -86 10 -12 75 25 -52 -73 89 -66 -34 -16 -59 21 24 -85 -74 -5 21 16 -83 32 56 66 58 -56 -61 -95 37 -16 37 -60 33 -37 42 33 -5 
-22 -14 44 30 -51 -63 11 46 0 55 -87 16 -39 -57 -76 46 -12 -100 -29 14 0 42 -17 40 -1 -44 -23 27 100 56 52 -22 89 -82 61 -95 -66 -92 82 -28 -70 -59 55 88 77 0 87 -12 83 80 -36 -23 38 -63 67 -3 39 -24 -50 64 -93 -51 -41 -4 -76 11 -55 14 -67 9 96 -94 -76 -71 -4 -40 20 -40 99 -82 -37 40 61 38 75 -94 50 12 13 24 -92 29 98 14 48 -69 1 -90 -12 -34 
99 -36 0 -49 -1 100 -23 58 64 55 4 -18 -87 -41 37 -60 58 -33 79 70 -57 10 50 44 -27 78 32 13 34 -5 30 -76 -26 67 -83 93 85 -46 73 55 -38 -93 -75 95 -93 86 -38 20 67 -61 52 -46 31 -65 -9 36 73 54 14 -9 79 18 84 57 52 -64 80 -49 -94 -11 48 -16 -55 -33 94 19 63 -52 -18 74 -17 98 92 37 -44 -25 -27 -63 92 -52 86 74 -62 -12 -6 -23 39 2 -51 -24 
87 -93 -53 28 -87 26 -59 12 -29 -61 45 20 -13 48 -32 -57 100 29 26 84 -7 -96 -100 -28 96 -50 -57 22 45 98 -99 -89 -9 -55 -67 73 62 -6 -94 33 -74 36 64 87 -21 -65 -71 -56 56 10 77 -1 -20 65 51 -73 34 -95 77 9 -75 68 -7 -99 100 7 12 -13 -16 94 11 -2 -81 82 63 24 -55 69 -68 75 -37 -81 -46 -80 -8 -18 25 19 39 78 -7 -75 53 -6 -70 94 -9 90 -94 69 
-80 -97 95 -44 94 -42 32 -12 -46 -68 13 80 -16 15 20 51 37 12 40 22 3 -80 -47 36 12 21 -100 -17 87 28 45 -90 -83 68 64 77 -51 97 72 -74 -20 -42 -4 52 -29 12 -30 -31 60 -16 76 -74 -100 -20 -62 -13 8 73 -83 76 30 -11 59 -42 36 55 -32 87 -86 5 -8 42 -89 1 -50 12 49 -96 -14 99 10 40 -50 71 7 -81 62 12 89 -95 -95 -2 33 89 65 76 -5 -36 88 12 
11 76 -90 -69 -28 -14 64 54 -99 -96 -42 -4 -95 83 8 43 92 -24 -51 -71 -67 46 63 20 -87 54 35 33 53 -40 -98 51 -16 -17 71 -77 -99 42 -2 -22 -36 92 50 24 -44 16 24 -25 83 -74 54 -19 -67 -65 39 61 -66 11 -71 -41 79 36 6 31 50 73 48 -35 7 -90 70 89 -90 50 -43 -72 90 41 -30 -55 -92 -82 -80 -46 0 16 -38 -55 29 93 -8 -44 32 1 39 42 -100 63 -59 91 
-63 40 64 58 -91 53 -74 44 8 45 82 37 57 -55 28 20 -60 -82 -65 -59 -6 -64 -32 60 41 -80 -81 39 -45 47 -46 40 -29 -19 -2 30 -41 74 1 96 24 -5 55 18 -95 1 -30 -42 14 -9 -23 -31 -27 23 -12 -5 -82 76 32 22 -25 76 -86 97 -20 67 25 -50 -84 22 -72 -20 -47 -1 -13 65 58 71 -51 1 36 -81 -83 -54 5 48 64 53 -88 70 -68 -86 -41 18 94 -86 79 -95 -76 50 
-100 4 80 -1 74 20 73 -35 33 -54 -17 3 -68 91 6 9 -56 -68 38 56 -69 -100 -20 35 29 18 99 -75 66 -1 -19 47 -21 -32 -51 -72 -86 -73 87 -75 -41 -42 -44 -51 62 33 43 -85 79 -99 25 -25 -47 25 93 -24 89 -38 61 -47 65 25 -54 63 79 53 -20 11 23 20 -78 -69 -37 -44 24 60 77 41 90 70 67 58 84 25 -90 13 4 -86 -77 -17 -52 -58 16 55 6 -10 35 -86 -67 9 
-7 -92 -94 55 65 -53 24 -15 0 10 -37 -76 7 46 14 18 21 -31 25 -63 86 -3 -68 8 -67 -86 65 -1 99 -65 40 51 -6 44 -7 -60 9 58 -5 -72 -4 -79 95 -83 42 -24 9 30 -53 -50 -11 49 -22 12 91 77 -30 62 -2 27 -94 -51 9 3 87 -75 -65 12 -35 -94 82 -22 72 37 52 -81 -94 21 82 -80 -48 48 -65 -30 -62 -85 -49 16 -79 -82 -93 -22 -73 91 -89 -30 -33 -37 -15 45 
-78 2 -91 -32 -90 49 -48 97 30 -83 69 37 64 -14 -28 -22 -3 -31 -84 -66 -27 88 -31 64 28 40 70 50 -92 28 -71 13 -37 56 -62 -32 -63 42 -43 23 9 11 83 -100 -99 50 4 -97 -90 -6 -100 82 -63 12 -30 94 -23 26 -30 -45 50 10 -15 -19 -68 27 -52 -41 -5 -63 -57 83 -91 45 -69 -36 88 51 -10 -64 -1 -30 67 37 66 -24 -90 36 67 -13 -72 -6 40 -19 44 -4 52 63 18 27 
83 95 56 -31 -40 53 -44 88 -54 -37 -29 -92 52 -25 75 -58 9 -15 -40 38 -90 61 54 79 73 -38 17 45 -91 36 28 -42 92 -85 62 92 -27 -63 32 -28 -10 -100 -1 -53 -86 -26 26 20 -4 16 12 -37 24 32 37 -83 -3 -64 67 57 16 -2 -91 39 -39 91 69 69 -62 -11 95 63 37 36 33 -82 -51 -5 -95 -19 -95 98 27 -34 67 -12 85 -92 39 31 0 -23 42 -13 -76 -28 67 84 69 87 
-24 36 -73 2 -79 66 -10 17 44 62 -70 49 -88 -38 -31 7 77 -54 69 30 81 84 -44 -40 47 80 -15 -43 37 34 1 69 -39 75 -80 -100 69 -28 61 92 -47 -27 88 -44 89 -51 -64 34 -6 45 86 -92 -9 27 -88 -77 8 54 -79 -62 49 100 -1 18 -51 80 -77 97 64 46 -55 6 80 -99 -69 -35 74 56 92 88 10 24 -17 10 -92 -58 87 92 35 51 -2 82 8 -100 -33 74 -2 20 52 -1 
62 60 -20 -48 -65 74 31 -6 -44 -2 21 27 72 -10 -17 -17 97 -47 50 -29 -90 -6 -38 81 97 89 72 47 -3 56 -6 -10 74 -44 0 -41 77 93 87 51 -20 76 -67 -1 8 -17 -63 -35 11 -80 72 -55 -85 57 -18 -100 35 81 -97 43 3 5 -89 -23 -34 -97 -58 64 -75 -91 -61 -1 77 38 4 -99 41 -81 -72 41 -31 67 -53 -58 -37 47 -38 1 -42 85 -7 -61 83 46 -94 47 41 -17 43 -18 
-3 -42 -36 50 -81 56 61 -48 -95 -89 98 28 85 -37 -49 -81 70 -76 18 -20 -63 -4 90 -8 -72 -8 -52 -21 -88 6 18 -91 -27 -64 12 -96 58 -27 -35 -4 -72 -96 -29 84 -47 -6 19 -98 35 -73 -14 42 8 -26 81 67 84 -3 -59 15 28 -90 45 -71 33 63 -25 83 80 -10 -64 -66 -74 -78 100 -9 -55 -38 -99 87 48 -41 -12 -12 49 22 94 24 -81 -23 -77 30 -3 73 -40 -90 33 -51 27 33 
-45 -96 -34 64 -26 24 -84 82 -18 80 -74 -45 54 36 -55 56 95 36 -74 31 90 78 39 71 -18 -59 -65 95 -94 85 -87 73 37 28 52 49 -78 44 -48 -94 100 -69 74 81 59 71 -55 35 1 -92 51 92 41 76 -37 -44 -18 -75 -54 -46 24 52 29 8 -77 4 -36 80 -57 8 57 -66 -56 99 74 -99 53 21 77 67 56 28 -89 41 -72 -45 -83 22 36 61 29 -26 6 61 87 -70 10 -29 29 -41 
0 -67 -24 -21 -31 24 1 34 51 93 26 -9 -55 -72 -22 17 74 93 34 89 40 4 56 -85 19 10 -74 -66 20 34 -57 15 -79 4 -49 -45 -45 -31 5 -94 -16 -47 30 41 -8 2 49 -99 26 32 81 8 4 -27 -47 -25 26 -41 24 21 -7 18 45 83 -82 25 -23 -6 62 -72 55 -39 -94 9 -63 -32 42 -8 87 -84 -29 3 5 -35 -6 27 -66 -61 40 -64 -41 -34 23 -77 74 -81 76 -3 96 -66 
-31 -20 7 9 -54 -41 -21 -98 0 100 -44 -6 41 1 -53 -32 -63 -75 -26 45 15 -79 -71 -89 71 -16 55 20 63 -69 -14 86 -1 -82 -75 -86 -100 73 -47 46 -23 94 -86 87 21 14 -88 -68 23 18 -28 -86 29 93 -99 -24 -23 16 -85 44 3 -66 99 32 98 25 5 57 -83 -96 32 98 -66 -47 -55 31 -20 -14 -43 -90 -54 -78 -95 90 -60 -2 -56 69 -71 -91 40 90 25 -21 -5 10 -76 -76 -80 -75 
-9 -67 14 31 -2 -17 59 87 26 23 -45 25 41 79 47 66 -58 -69 57 -81 -6 -21 30 -54 12 75 -59 47 39 -69 0 -38 -97 38 -9 67 72 55 -63 -97 76 65 21 19 -3 -2 -70 90 -97 -97 -97 6 -94 -6 -87 -11 19 -24 -51 -70 -60 38 12 46 31 48 -90 12 45 -76 8 38 14 -40 19 24 52 20 3 97 -62 99 -1 -24 66 -43 84 -5 1 -69 -47 44 -64 73 76 -40 23 24 94 -65 
-34 15 50 31 -5 50 49 59 -9 31 -12 22 -92 83 -45 -26 -29 95 13 -17 27 45 -40 31 -47 76 -77 -96 0 51 -21 -60 31 -38 -12 -13 15 -60 -35 60 61 -21 31 90 -98 -83 -72 32 70 15 -65 0 50 -9 -44 -48 1 -27 96 -68 41 27 -27 40 37 -46 -100 -20 -91 53 51 -15 -12 -97 -66 46 54 -8 75 -13 80 -58 93 -51 -60 -33 -38 78 -60 22 97 -78 64 -66 95 -4 19 82 37 -7 
-66 -43 -57 -51 -30 -4 43 68 45 96 -24 -54 -48 85 0 -14 -66 -23 100 68 37 -46 -100 98 93 49 46 -67 28 87 24 -90 -99 6 20 -83 -85 94 0 98 -13 -21 -82 -37 29 82 -83 98 -50 33 70 -18 74 68 -79 75 -20 14 60 24 -73 13 -70 60 -78 0 21 -95 86 29 43 -14 -78 -54 20 54 -76 15 -3 51 -47 45 40 41 -23 39 -94 -13 -77 3 -53 -29 46 -41 -36 21 25 24 -19 -77 
-100 11 -24 -51 -68 -50 -52 -29 -74 -83 -78 26 -90 -45 60 -40 93 80 71 56 31 26 -55 -32 63 46 -24 -42 -62 -94 -81 8 62 -4 69 -56 -82 28 -35 -16 97 -41 6 14 -7 8 -17 1 -33 26 30 -50 -81 19 11 -13 97 -86 17 -18 92 -96 36 -6 -60 70 -17 -97 -44 -36 40 -97 86 42 62 -6 26 -56 77 86 -63 -41 -48 16 -10 -59 27 78 -71 86 27 45 5 97 -30 20 75 -96 83 29 
50 5 91 58 -74 -76 29 12 43 -13 -58 3 52 31 -47 -55 -53 -70 46 -11 75 54 -32 24 -70 -13 -9 48 -22 -72 -6 -90 7 -46 -52 -20 -37 12 71 2 94 -63 77 -95 6 -11 -70 -51 82 17 -88 40 -93 48 71 -92 -4 11 -43 -41 -66 57 73 -39 84 -58 -71 -52 87 -19 35 -92 -93 56 -5 -88 -10 -28 31 -17 73 -50 -95 -96 34 7 -53 69 74 23 73 41 56 64 93 -65 -97 41 -99 -100 
-38 12 -28 -44 -88 15 80 71 -45 99 8 35 57 2 2 58 20 -94 -13 -43 -3 -38 58 13 90 68 -12 49 62 -40 98 81 -53 -23 95 -43 61 -46 -31 -50 -10 -20 -84 57 24 -59 10 15 -14 86 -8 -23 -90 20 18 -68 43 -53 -21 9 34 76 9 -63 -72 -46 66 -48 58 -62 25 -82 -14 63 98 63 17 -55 -70 -52 -38 8 13 -26 29 -16 10 30 -52 -42 60 -87 26 75 34 -55 78 31 -77 52 
-11 49 -97 20 -92 -59 -16 -13 -52 -100 40 57 -92 0 3 -37 -86 -76 100 23 11 -19 -61 -24 -87 56 67 54 87 -21 67 -9 -85 -11 -40 -35 -77 4 84 16 -97 -28 89 -70 -57 46 67 -92 42 -82 52 -74 -16 -24 -37 10 -83 -49 15 -73 39 -20 94 43 48 66 67 64 95 37 -31 -48 88 24 59 -52 0 2 47 -46 14 33 91 57 7 60 12 -22 33 -90 -68 -99 20 0 -33 29 -28 55 -63 80 
51 -60 6 -26 -91 18 -95 57 29 -94 -14 -3 -40 -81 39 64 34 -24 -30 24 65 23 10 22 -71 -99 53 -48 -91 83 20 -97 4 -90 -59 18 98 37 81 -33 68 -22 -18 -94 -61 -81 7 3 -82 40 95 -61 45 99 -98 59 -97 86 -22 59 55 -83 -72 44 -79 47 42 -8 58 -35 -74 61 79 99 -8 42 -75 62 -61 -43 -54 -75 51 42 -67 54 -93 96 -49 1 65 -75 -27 61 -94 -59 50 -54 -9 -70 
-51 -47 25 -8 -30 -31 84 78 79 -27 38 -15 41 -82 -77 72 -99 4 47 -89 25 -63 -53 -75 -34 73 -30 -73 33 6 -98 89 5 48 20 44 0 34 100 49 -38 -59 -41 -62 -96 -44 -21 -91 29 -74 61 -50 52 29 -19 73 73 -30 -19 33 9 45 63 5 76 -60 -7 63 100 -29 59 -72 21 33 85 -81 72 61 -73 -2 -16 -80 -72 93 9 -36 3 68 47 7 -23 51 45 -39 -33 -19 -64 96 76 77 
-87 67 36 92 -77 10 -89 41 50 95 -34 36 77 0 58 34 12 -80 -98 91 67 80 4 94 95 25 -35 35 48 67 14 -76 -26 14 -45 -4 -63 -96 7 87 42 -9 99 15 -1 -69 99 -89 55 95 27 70 1 67 -93 -81 56 11 -78 24 18 90 30 48 58 -77 -67 97 62 -46 32 86 -84 65 40 -45 -67 -68 -23 3 -99 -25 -80 62 -25 -12 -72 -27 -8 10 -78 -89 -76 -41 29 38 -75 43 -72 84 
75 2 -65 56 6 -92 25 -53 -73 -66 -96 94 -4 86 -68 -12 37 -14 -7 -85 3 -67 26 -37 -38 -54 -41 -69 71 79 58 85 72 -41 4 85 -28 -3 -64 22 -48 -75 -76 -75 41 0 22 54 -6 -43 -84 37 -27 -7 -58 14 69 -16 -58 -16 -79 48 92 -38 -23 88 -40 -68 -76 28 29 -79 88 71 -41 -65 -58 41 -86 41 -15 14 74 38 12 64 56 -25 52 66 99 8 -92 69 -19 4 100 -87 -59 11 
9 -82 40 -55 -59 -50 -71 65 -72 95 -62 -90 -14 -4 -87 -55 -2 -8 -67 -8 -97 92 -62 -91 -36 36 39 31 -21 47 83 -1 17 4 -99 -59 91 52 -87 -27 68 28 -46 27 -30 -40 100 23 96 26 -94 -13 -2 89 -76 52 -5 98 -11 59 2 51 48 -55 -1 -29 -43 -75 -41 83 -81 -49 60 -53 -24 -58 15 -94 24 76 -71 94 -75 -63 12 79 -54 45 51 49 -54 22 42 -47 68 10 10 -67 0 -94 
59 -50 -36 -63 -65 -40 -21 -99 14 -20 93 24 87 14 -12 -5 66 -29 -59 82 -34 -90 28 97 -24 19 -48 76 -29 54 -37 -98 62 7 82 31 52 8 -1 -18 -94 27 68 77 6 56 14 -98 20 -87 44 37 -9 6 -25 -100 -79 87 -2 8 -88 40 -76 -47 80 -17 -85 -38 69 74 -49 80 62 97 77 -43 100 -98 -59 -96 -10 15 52 0 25 -35 -24 -49 -29 -19 47 -70 0 37 -74 83 -50 -41 -57 11 
31 -80 21 50 -5 90 -100 -72 -85 75 28 22 62 -96 -96 92 67 -75 18 13 65 26 -45 -42 17 53 60 -33 -25 -31 19 95 62 -30 38 -69 0 60 -31 -100 51 69 -87 39 42 -26 -56 21 49 91 -87 47 -82 -48 -74 -23 74 4 -13 -74 -46 35 93 -21 -38 -54 -93 88 -10 61 94 56 3 19 -75 0 -43 15 -93 13 -63 0 -62 -95 85 59 94 -9 0 -93 -9 -44 -32 8 -27 99 -8 -88 -27 52 
-72 70 -12 84 -3 84 -80 72 88 -43 -46 -48 -56 37 28 26 60 93 86 -78 10 -65 -72 -81 -61 95 53 96 -77 -94 24 -62 65 27 -18 -7 44 -6 36 -2 -17 51 -76 -6 40 -7 23 -38 -81 30 -100 67 -21 -63 73 -84 79 21 -51 73 -14 -27 53 -86 -87 -83 -8 -55 71 34 54 56 74 6 63 46 -17 20 -30 -90 -18 -23 -60 -46 51 98 -96 50 23 -49 -47 -43 -74 -91 72 23 36 -50 -85 93 
-23 -89 -69 -6 21 89 70 54 -44 37 -97 -72 -87 -32 -4 -68 85 -28 10 89 -60 67 -47 20 3 71 -19 -37 81 -9 -55 84 -4 -49 18 81 -37 17 24 69 -30 80 79 -67 55 4 0 -4 -20 -38 -21 -94 -20 49 62 -86 -93 11 -88 81 -39 -38 76 87 -76 40 82 40 12 93 75 -60 7 81 35 10 62 -4 54 41 81 18 -70 -59 -83 -46 32 65 68 69 47 75 2 -99 72 -10 -10 53 76 -76 
45 -39 -100 3 -85 98 10 -29 21 -97 -16 -46 -91 70 -58 -98 -34 -59 -54 6 0 32 -45 12 31 -55 55 -35 -64 -32 30 -85 7 -99 90 -54 -7 99 -19 -39 13 49 97 98 14 -15 38 -71 41 -63 29 -35 31 70 93 26 -91 29 -95 -68 91 82 2 54 -45 38 7 -29 88 64 16 -54 -39 82 39 79 40 24 -42 22 -56 -38 -53 62 59 25 29 39 -13 -71 42 -22 -15 -69 48 -43 84 48 87 -25 
45 -44 -33 14 72 60 15 40 -40 94 -27 -9 71 87 13 68 29 -84 -51 15 44 -46 -92 69 81 -66 -45 -64 -50 -67 2 92 41 -25 4 -25 -9 -68 16 -76 28 -63 71 46 -16 -31 -15 -26 -23 -73 32 -100 -39 1 15 -1 0 94 -6 -40 25 27 13 43 -45 93 84 8 54 35 -90 71 -45 -33 8 -37 32 -26 70 -46 -91 -71 -54 -6 12 -83 -78 68 -8 92 9 16 93 -80 -9 -17 61 -69 -49 13 
-86 61 92 -70 -59 -74 21 3 -81 -16 -19 0 -2 76 -58 -48 85 52 -1 9 0 -59 73 60 -88 -77 -94 -79 99 -59 -43 73 54 72 -39 75 -49 0 -56 97 -83 -17 83 -75 39 72 -30 -1 73 -49 -65 -32 57 -64 48 31 96 -66 17 -19 -10 72 37 73 -27 -31 -33 -67 9 -61 92 -1 46 14 -52 43 68 -10 -88 -1 30 34 91 15 -23 -11 -77 -9 -90 -58 30 -97 -60 66 62 74 -99 83 82 22 
32 63 -97 -86 -30 47 97 -23 -22 -17 -17 16 -70 1 45 65 -29 65 1 10 -28 5 16 -88 -99 86 60 49 -34 -30 -72 -40 -57 -40 40 59 -57 -86 83 -82 35 88 1 91 78 26 -77 -51 -31 5 -37 63 -87 13 68 10 -76 11 88 -62 78 -100 -92 -98 1 14 -82 92 58 -92 -67 -66 -57 100 -93 -58 49 11 -84 86 51 1 48 80 -24 -27 89 -22 -7 -25 -68 96 54 65 -49 -39 -14 -11 100 -57 
-99 -73 52 48 22 49 -6 19 82 -15 -36 -33 -45 -25 -52 71 19 -65 33 -45 33 4 40 -69 -24 60 56 -97 64 -89 -8 -3 4 9 50 -15 12 -43 8 -68 94 73 67 34 -44 78 -90 -76 46 19 -37 55 -74 -82 -27 47 49 -97 -20 -30 -58 40 16 -93 -64 -68 -27 53 -86 77 -73 46 -44 -66 -83 45 -37 -38 92 69 31 -97 -93 -78 41 -56 82 -17 -17 -2 64 -90 46 -16 86 88 97 92 -14 -59 
-4 19 -82 65 -34 -37 -19 -76 -25 76 96 62 65 80 -23 80 -33 59 18 -15 55 -50 80 84 50 -61 -95 -22 50 29 -46 11 91 -3 77 37 12 21 -11 -49 -31 -2 -16 11 -18 39 -60 62 36 -85 -28 -31 41 -36 65 -16 -43 -34 -25 27 -88 32 -96 6 70 58 75 -38 42 -74 -57 -73 -37 46 -54 -81 18 -21 18 -72 -9 -14 -98 15 -11 -64 60 -77 -95 -98 75 27 94 67 -52 92 -42 -40 52 62 
39 66 91 -50 31 -4 -2 -75 -27 -60 62 -94 8 -28 28 22 91 36 -1 38 77 -86 -31 -31 -61 -55 9 91 50 60 -96 -64 -13 94 19 61 -68 82 -40 76 11 86 38 56 -77 -25 -11 52 95 99 -26 -68 -56 10 30 25 47 -89 -18 91 23 -97 -19 -82 86 22 -55 -55 90 -52 40 94 -62 30 -97 -26 -25 76 7 45 7 -9 -89 21 12 71 -46 69 68 42 17 35 79 0 -27 -76 -39 30 -40 -19 
69 84 -35 47 -92 -71 -34 53 79 27 -25 58 -44 10 -95 62 -85 -55 -99 -68 35 -90 3 -59 -54 49 -46 84 -50 -33 65 -76 -36 66 -36 -14 59 -44 -14 -4 2 -44 9 70 -84 -98 -52 -29 -97 28 29 40 -36 -26 35 -36 47 13 10 -35 57 -10 78 90 -52 -17 -87 78 -95 49 0 54 51 63 -35 95 54 16 -52 46 80 83 -96 -11 83 -50 -93 -25 72 48 30 -59 27 39 -62 -16 0 -59 24 65 
27 41 86 57 54 50 16 -2 95 -42 29 26 42 77 -81 -48 -55 -68 0 35 68 -97 36 15 91 75 -61 -53 66 26 -51 2 50 17 -68 -80 99 -53 54 60 -68 70 -39 58 -99 -7 -96 -7 64 -19 -97 39 -68 -58 55 41 48 -29 67 -38 81 53 67 -36 -6 -73 -14 -4 48 -72 47 75 -95 44 3 -91 -12 -19 39 -86 -74 73 87 -32 -56 32 -58 43 6 -19 -34 99 -70 21 -22 60 39 27 19 -86 
11 47 -44 5 -77 -55 100 64 36 61 92 62 -7 45 65 -80 13 14 -80 4 1 32 26 -63 43 -21 -74 53 41 -24 -93 98 -23 -11 -97 32 54 -20 26 -18 -37 58 18 90 85 -65 -38 -5 34 -94 -83 -31 -36 87 -23 64 95 30 25 -42 -44 3 -96 -14 28 -22 39 81 -93 28 43 98 -95 37 -71 -100 92 -79 -38 -22 8 -66 69 -10 -68 49 59 52 -14 56 -99 -78 -69 49 -14 52 -53 -51 -92 -71 
0 24 -23 -74 -47 -83 56 -46 68 80 -74 -2 -35 40 93 2 62 66 51 -18 67 -82 6 -83 56 59 20 32 -99 -62 2 6 96 37 -77 -85 70 -47 -31 83 76 61 78 -76 90 96 -79 -60 61 -17 15 -80 37 47 -76 -62 -31 -14 11 30 -74 -58 15 82 -78 -11 -16 28 98 -6 -18 5 89 -95 -47 -19 -100 97 9 44 58 -32 25 -48 32 68 75 59 -81 -70 -63 -11 7 -21 -57 53 91 64 -83 -83 
-10 43 79 -37 -79 42 -5 5 91 -23 -6 51 51 34 -54 -90 71 -71 63 -18 38 84 13 80 -10 0 51 -4 60 87 31 44 -17 35 16 77 -74 83 -66 -61 48 53 48 14 23 -70 -94 -20 85 -34 18 -23 90 97 10 -83 -39 59 -73 82 -80 -1 -40 34 98 55 14 -76 -46 -42 69 74 -96 -80 -69 -59 -39 72 94 -59 14 -69 -4 -80 -71 41 3 24 14 -50 2 80 -22 79 55 -80 13 21 -3 19 
81 -14 -89 39 79 -34 82 33 -23 47 34 -53 72 96 4 -22 3 -36 -58 33 89 -44 88 78 64 77 17 15 -96 -6 -51 53 78 3 -70 -71 -88 -1 -79 -84 -36 -20 -20 15 63 32 68 -8 6 97 -44 -11 -99 -5 96 -12 0 58 34 99 -86 50 55 -10 79 61 17 0 65 88 -61 -45 85 -32 -35 -90 -96 -61 -21 75 -63 -30 39 19 14 -52 84 95 12 4 -94 49 -68 -82 -37 52 52 99 99 24 
-51 -97 5 -47 11 72 -25 52 26 -93 14 75 -40 -87 44 58 -52 62 -57 12 -26 -20 -60 6 53 -28 9 -7 50 61 19 55 -87 27 -15 -24 -62 35 78 -22 -39 -43 39 21 -56 18 26 -97 47 53 -100 91 56 -63 59 -24 -26 -39 32 -89 26 -11 -61 -61 42 -56 0 84 -62 81 -10 -73 -89 -87 -23 48 -85 31 15 76 -37 -49 80 -8 -64 90 -65 5 -51 -39 57 61 -25 14 -16 -15 7 72 -17 -39 
27 -8 59 71 -5 84 98 1 69 87 -46 33 -78 97 -20 67 -5 -44 89 -36 -92 -26 -69 -78 -58 -21 -52 28 -59 -74 86 80 70 -56 -76 -64 85 -71 28 91 45 -42 15 8 -90 -100 6 15 41 70 -7 -45 -89 -14 20 -11 36 43 -97 -78 88 -79 4 45 85 -2 -67 8 58 -19 42 45 41 -42 -23 60 35 65 -6 90 -14 -4 -30 -62 -4 -96 -91 6 70 64 4 -52 -34 4 36 -27 -47 89 -54 3 
-91 17 35 -64 2 47 90 80 47 -90 -51 -99 60 -36 -72 46 -6 41 51 6 23 72 -97 77 -25 51 65 -22 -14 86 92 76 27 -72 0 45 59 78 -72 15 78 -79 52 -87 -84 82 -47 42 -49 -4 78 -80 81 -91 -76 -63 -50 49 -29 -9 -63 26 36 74 -43 47 -95 -6 -98 -14 -63 -89 -37 32 98 -3 -9 -16 96 57 -62 -100 25 22 46 -39 -84 -7 -99 26 -68 -41 -45 88 -21 -10 42 -80 -71 -61 
41 -52 13 -62 -18 -76 1 73 8 62 -36 11 -54 -40 6 60 66 2 -74 72 89 -62 75 -72 -55 100 -64 73 -39 -96 1 -45 -96 -97 18 -37 -3 -77 -29 -50 -54 38 -1 1 100 -41 -22 37 -96 77 56 -30 89 -66 21 59 31 80 100 89 -62 -52 23 97 -9 -9 -75 -36 -88 -88 -92 -9 -28 -85 -4 9 -95 -63 9 0 -1 -6 82 -50 28 34 36 72 -31 -84 -69 30 -14 8 -26 68 -91 -61 -92 15 
-90 29 94 65 -20 -74 -16 -11 57 72 -99 2 59 51 -22 -77 -93 -83 -32 85 -37 70 4 87 -16 -54 8 -35 -6 -97 56 77 -5 -95 20 5 91 -14 100 40 -33 77 63 -30 60 95 -56 -61 43 65 73 -43 24 -63 -8 -31 -77 -59 -65 -30 84 1 22 -34 19 -13 -100 47 -84 59 28 -12 7 -82 -14 -6 79 -41 60 -10 -36 73 79 15 89 17 100 56 80 6 17 -60 -36 -73 -15 -93 -63 48 27 17 
-24 -25 -17 78 -94 12 -89 -31 -80 26 -84 -55 -99 -21 59 0 -81 48 -48 -92 75 -73 -67 100 92 -77 -25 17 57 60 41 11 70 -93 -28 19 30 -85 49 -86 81 69 17 -90 82 64 13 -56 0 -13 94 33 69 -73 -24 -75 -14 99 -45 -72 -86 -15 -5 48 42 74 72 -81 -98 -76 -97 -84 -10 -79 -67 28 50 42 45 -34 52 -38 -76 -8 69 -87 -59 -3 -31 6 58 21 69 -24 33 -15 78 56 36 36 
-13 0 -42 5 -93 -90 -72 -56 -47 -5 0 -59 37 26 78 -84 -72 2 11 92 -14 21 -76 21 -70 58 -15 72 52 17 53 -74 -88 -39 30 -58 63 -90 -87 -57 97 -88 63 11 -64 67 -8 -41 44 83 89 -69 90 50 -56 92 -9 -14 80 -10 44 33 -76 31 45 12 -45 -65 97 65 73 -1 18 8 66 -85 -63 91 62 -71 58 -30 50 44 68 -56 -25 4 -10 5 -13 -26 -20 -81 75 -6 -64 -38 -22 62 
6 1 -97 2 -27 -77 10 -74 -42 24 86 57 67 34 -67 -57 -74 86 86 -6 -81 40 51 -61 -88 -97 -33 67 -68 69 72 -25 77 45 11 -36 -74 -47 71 -37 72 16 -46 -84 14 20 -95 -75 -2 61 87 -34 -76 27 -46 -66 -39 20 -75 13 -85 -5 89 -81 9 12 -49 89 44 63 39 -3 -91 94 -87 -64 17 -86 -29 52 -85 -3 79 -88 -65 87 -28 -72 12 -29 -59 95 -78 84 17 -91 -15 1 -77 -44 
18 -19 -66 32 79 44 24 -19 2 -34 -48 92 11 38 -64 70 -20 4 -6 -94 -28 -90 86 25 -5 30 -42 61 -97 90 -71 -31 -86 85 -47 -12 -93 -36 18 -90 -49 11 -37 -90 -48 5 -5 84 -21 48 -9 -98 53 76 -79 25 37 43 46 65 97 61 -23 2 66 1 57 -37 83 -23 -70 12 30 -51 4 81 74 50 -86 -34 65 -69 46 84 -40 -87 -32 89 -98 -47 2 -95 64 12 18 48 8 24 -23 84 
84 -100 -83 -19 87 -4 96 -69 25 38 -53 -64 -44 23 12 97 -9 -28 -96 -21 -58 -65 -65 -11 25 -41 -49 56 -6 78 8 -7 -78 10 -3 -95 -14 2 -16 -71 -37 63 -44 -59 -40 80 -58 -10 -98 -11 -35 -51 -61 -79 54 81 -99 92 64 76 50 70 87 -11 10 31 -92 -54 -73 -86 -62 95 82 -10 -92 -99 -16 0 -82 -14 -80 -17 -94 93 8 36 -14 -32 11 86 30 -71 56 47 22 53 -24 48 32 -44 
97 -37 -79 -71 16 21 3 28 -93 26 66 12 0 90 37 32 -26 70 30 -45 99 39 61 -65 -84 69 -44 -11 -17 69 -93 16 31 18 -52 77 -17 81 -52 -58 -80 43 17 52 -29 70 -99 81 -16 -27 46 90 33 -71 99 74 -57 89 -66 -68 89 52 -28 75 58 49 -99 15 -36 -36 -80 -19 -7 -37 -56 98 -97 0 -2 4 46 -52 66 -96 92 40 57 97 90 -37 55 11 21 -10 -19 10 -45 -10 9 27 
-42 1 -3 -30 -78 -71 12 20 51 -20 -30 21 86 -47 -31 28 -76 -99 -29 -6 49 -87 75 -83 -39 87 -26 52 67 15 -100 87 75 53 91 9 98 -57 53 80 51 80 37 30 -39 30 37 -3 -93 43 -64 57 96 43 22 -46 35 85 37 81 -39 29 85 -21 100 -59 -53 -96 -54 39 -27 -21 -59 -55 -24 76 -65 94 -49 90 83 -16 43 97 -89 -93 99 -52 40 -61 57 -4 -61 46 -11 -15 52 -92 33 -14 
-89 0 65 -22 25 -40 5 -18 34 33 16 -76 -71 -68 -27 -65 20 63 -48 95 91 85 38 37 56 13 -82 21 51 13 -62 86 -48 -55 3 -61 -38 14 -45 -7 57 -90 -56 46 -15 -23 8 -20 34 8 -95 95 81 -93 -18 -60 -10 61 14 46 -18 -79 99 -60 -55 54 -57 45 90 61 -56 -16 -87 -63 78 40 -4 -71 -27 30 -27 -91 41 94 99 -1 -73 20 -95 8 -54 29 -95 -80 -13 29 -82 65 42 96 
-87 -11 85 -58 38 -11 34 -69 -92 92 -14 85 -18 91 25 -92 -4 -4 92 26 64 53 -88 -51 -37 1 -25 2 2 12 -58 92 67 88 -87 -84 37 83 -74 54 -86 -44 28 -20 32 31 -36 -72 -55 -6 11 -65 54 85 43 -77 -59 -13 -80 79 -64 72 -53 -30 -33 15 56 -33 42 -11 -12 -9 84 69 -95 71 -31 66 24 52 -64 38 -100 60 -79 34 33 -100 -73 80 -25 -53 -46 87 49 -96 63 63 -70 83 
-82 62 44 -67 -85 54 61 13 11 53 -79 -81 -29 -57 63 -77 32 -98 -59 66 -27 -1 -79 19 57 -45 -58 12 3 -68 -75 61 90 35 31 43 77 99 -41 -73 0 -5 -52 -68 39 -61 -8 11 95 71 -98 55 83 -93 -63 70 60 47 -88 28 69 76 99 -96 71 -80 -52 -72 -70 30 77 21 62 -35 99 -78 84 -8 67 59 -33 -51 33 -84 75 -25 21 72 11 -92 9 8 -94 -58 81 7 33 78 92 -88 
44 -58 54 42 58 -59 41 78 -15 -14 -20 38 22 0 -44 -57 33 -29 -28 -30 42 -6 -81 -22 -8 -78 -66 -64 36 -87 82 0 17 -37 -89 99 8 -43 44 -18 81 -61 76 -99 -39 12 85 -54 -50 0 -41 16 -15 -82 77 -68 85 98 71 92 87 44 11 6 79 -39 -71 -72 -88 -80 -76 1 -70 -60 -71 54 -91 10 -15 95 61 31 87 -4 34 -42 11 -35 98 91 47 -59 -52 -81 -68 -41 -52 2 -72 75 
-32 77 14 70 -65 51 4 -56 46 16 -70 48 47 -98 -78 -22 54 -98 -50 37 -61 66 -53 -65 98 25 79 86 25 -59 79 -63 -13 -2 12 -38 -43 -98 -35 -33 63 26 29 -15 67 -40 41 21 42 100 -5 -96 5 43 5 -25 73 -64 24 -32 87 25 41 40 66 49 -77 58 -72 71 -25 88 59 58 9 92 -60 99 81 -81 87 32 19 -93 24 -73 -29 -52 24 -84 80 39 3 91 -61 99 39 -20 36 -56 
34 -95 -93 1 -44 -85 -44 22 90 -78 72 78 10 18 36 42 14 -25 7 -4 71 57 54 -85 -60 49 35 -17 -5 -98 51 25 -34 0 -97 62 -16 -88 50 -16 66 -90 -13 99 -8 -78 14 -2 19 -88 12 -28 -69 60 25 54 66 -64 85 -40 -72 -33 83 -7 -6 -8 20 -10 -51 -5 -19 -68 62 -88 11 74 18 61 -85 60 22 77 13 -13 -44 -100 62 -29 63 77 80 47 77 -43 0 82 -11 -35 -33 16 
-57 -6 12 48 -57 -78 -2 -30 48 83 74 -25 -19 -36 -30 -41 -64 39 -74 60 43 30 -53 -87 -13 72 20 88 -57 99 -82 88 47 -52 91 -49 89 97 49 77 -77 27 55 84 -46 19 -81 15 -69 10 -33 -100 -65 -33 13 52 -76 81 -56 52 -22 63 -27 -24 79 -82 74 76 66 -27 -6 33 15 -21 98 -57 -32 77 7 -82 23 -64 47 -36 -90 11 18 38 -40 -58 67 38 -73 -25 86 73 61 -99 -53 90 
54 -82 82 96 -26 -56 68 60 -90 89 55 -14 84 92 26 -42 83 -18 45 28 73 -11 -87 -63 -35 -87 -91 -87 64 75 -76 37 38 60 98 8 66 -82 -55 78 -65 -7 41 15 50 -1 95 -52 -96 15 15 69 -75 70 -52 -98 15 -7 36 -55 -64 -87 66 37 -50 73 62 -62 55 -58 -90 -38 -57 -76 26 58 87 92 -74 68 -36 -14 -4 -43 55 6 -38 -74 2 61 60 -18 80 -100 91 21 -15 90 -22 -79 
95 -8 -3 15 4 -81 -50 -50 37 32 -19 -5 -16 15 -89 42 18 49 91 -80 -26 15 42 -11 1 -25 41 67 4 90 53 -15 32 64 54 88 7 -25 19 -87 93 -97 -70 -77 -57 -39 -90 95 -55 32 -94 20 -55 -33 -73 98 23 -16 74 -92 -12 17 77 85 -30 66 -77 -84 -69 5 66 47 93 61 -36 15 -62 -82 57 -21 40 40 54 -19 -46 16 -12 6 80 1 -76 -75 40 -70 80 86 48 99 79 -35 
17 88 14 -34 10 -27 54 -14 37 -26 66 -79 23 -57 -38 53 -46 -85 13 85 -100 -92 -49 86 37 -75 23 -22 -61 74 90 -30 -52 -73 -90 67 15 93 -60 -16 66 43 99 -56 -52 -45 -18 -76 -81 90 -93 31 81 49 -25 -54 15 69 16 -59 50 -86 -92 -96 -2 82 68 -26 -84 65 -68 -94 42 84 50 2 73 -57 -18 -29 95 33 -33 1 29 17 21 53 0 -44 -91 57 -18 -70 21 -46 -41 99 -70 96 
34 37 13 5 -61 100 38 48 80 -32 -46 -64 61 -57 -69 -30 -63 -77 -83 -66 -84 -1 62 72 -82 7 100 44 -26 84 -22 22 84 -69 19 47 88 -92 0 65 2 43 -95 12 -14 97 74 -87 33 74 -5 -10 62 -98 -36 76 64 48 74 44 -36 43 -79 -60 -91 95 21 -92 34 -46 80 -50 69 44 -70 82 -13 93 -27 17 44 -50 18 85 21 19 -69 48 -47 -69 18 71 83 15 36 40 12 -55 47 100 
89 -64 -5 42 -49 96 -97 -50 14 52 -65 -82 -45 14 -79 42 -94 -68 -81 61 45 -24 16 -10 99 30 7 73 33 76 -17 0 -36 -9 79 82 48 42 47 -95 -27 12 74 -13 -60 -54 45 20 -24 -8 30 91 75 -43 -5 69 87 -72 56 1 84 90 57 12 75 16 -26 -51 60 -38 57 -61 2 65 -58 -70 -69 94 99 -52 26 95 10 -58 -98 -67 -58 -42 -60 31 -38 0 20 -71 -61 35 64 9 -52 18 
29 -74 19 -31 93 -78 -99 14 46 61 15 -94 94 58 81 -12 -87 -73 -90 11 67 -52 -42 62 -64 66 -74 -57 -56 0 81 -65 8 76 69 -55 -51 -93 14 29 -5 -93 57 -43 30 -34 -48 -84 -6 3 -73 -26 -53 -42 49 -25 15 -49 63 93 61 84 -11 44 -43 89 -81 48 -2 89 -27 -46 -70 31 90 -60 -12 -82 -69 -52 36 26 96 54 98 14 86 -64 -22 -59 -19 22 64 -13 -16 -23 -27 -86 99 84 
36 79 -62 -84 -78 -34 -59 -60 0 -58 35 -2 82 19 33 -78 66 57 -5 -69 -6 17 -40 -37 1 51 90 56 -22 -83 51 -40 -95 -14 42 63 89 53 -43 -16 57 7 -52 0 -34 54 24 -39 16 56 53 2 -61 26 25 51 -3 58 -48 -20 82 18 -26 -84 0 -97 -59 91 24 -14 -78 11 24 -40 -82 -73 92 -93 97 -82 -52 -81 15 87 5 55 -42 38 -3 44 -63 -3 -29 -42 76 -99 65 44 65 -89 
45 -75 -81 99 -32 -59 92 -95 83 -100 -41 -45 -1 60 -90 -41 -79 78 -75 -74 68 -42 34 -27 76 -73 84 95 37 72 33 -60 35 -41 -36 87 50 37 76 -96 -54 -83 94 91 42 95 81 -8 -29 64 -86 90 -39 96 -74 14 99 65 -7 -43 -39 64 -78 36 -38 -98 18 -46 -34 -78 69 85 -51 -33 -91 4 -89 -87 -94 39 -10 -93 45 -76 -73 -32 -97 27 -34 -100 -5 87 -79 36 50 -25 -1 37 61 -57 
-65 -43 -39 48 -38 -88 13 -32 -2 100 31 2 -41 -94 89 42 -23 -79 -74 46 -32 -41 -83 45 100 -53 -5 91 1 94 -53 -16 -18 77 7 -4 -16 -84 -68 -92 90 -36 -68 53 -85 98 -29 30 100 -9 54 46 -78 -28 -36 -42 -80 94 70 -3 -70 82 90 -91 59 -93 -37 -82 -75 42 7 72 0 47 36 90 -67 78 -52 19 57 -11 -71 95 39 35 16 91 -80 33 59 -93 -45 56 -49 -25 -63 52 -98 -69 
47 11 -43 -75 37 -67 4 9 63 65 44 -93 -7 -98 -48 -86 -82 -19 28 -22 66 -76 43 89 28 -64 -64 -53 -54 97 -19 58 -4 77 89 94 -8 -43 33 -22 -56 -98 74 -66 96 -96 -75 4 96 30 24 -32 1 75 26 32 -28 8 76 -10 -61 -21 -62 84 -13 -70 -73 -6 70 -58 -72 -75 -77 90 48 -54 -63 -29 2 -38 16 -75 -37 91 62 -97 35 70 -14 35 -40 85 35 56 -6 -16 10 -85 6 46 
-21 53 -18 24 -92 -91 77 -24 -82 76 -68 -31 34 -42 -64 -87 -60 -48 17 65 67 69 2 65 95 -98 -35 72 31 -48 34 76 48 -55 -49 81 -88 -47 -40 29 54 51 90 -5 7 53 -39 -6 57 83 -15 82 83 -23 96 40 68 -41 -2 -22 -92 84 71 -3 -78 -18 -11 -61 -19 8 75 89 -91 -92 17 29 -96 19 52 10 -15 51 48 -29 89 -11 -1 -1 -51 17 -9 84 16 29 57 72 0 -76 93 -33 
-72 30 77 89 28 53 72 90 41 68 -99 -13 -50 -85 86 85 -74 -13 -19 1 -99 -18 -56 -96 -27 54 -32 32 -99 -72 80 10 44 -86 4 21 25 1 3 76 -23 -50 -76 -30 14 -27 -41 -52 -7 -5 -14 -27 11 -17 24 -100 88 -81 8 -43 -40 31 -64 -74 -40 99 56 24 -77 -6 75 0 -77 -82 -38 16 -31 81 41 -17 -99 -79 -16 37 4 -72 -100 20 -21 73 -54 90 69 89 72 58 37 -71 81 -31 
40 32 87 27 -80 -67 -72 -47 56 -88 6 -1 -28 21 -74 -26 -22 -78 47 0 19 -6 43 24 87 -96 -36 -77 -96 20 87 63 -70 2 19 63 -64 44 91 100 -32 22 35 -76 78 -64 66 -49 -28 -73 59 55 0 -49 49 91 70 3 0 -18 97 -22 -92 -60 42 1 -1 82 -8 30 -55 -38 86 -100 -81 -41 51 50 76 0 23 81 88 -79 -62 -26 88 43 -85 -71 48 -99 -44 5 -86 59 51 -15 20 56 
-72 -41 -29 -57 97 66 37 63 -37 21 16 -43 -94 -65 42 2 -9 -71 -57 -3 48 -75 -32 39 -56 44 56 -72 43 -16 36 57 86 72 -83 90 96 64 28 59 -73 -6 96 -76 -97 49 100 89 84 -60 -86 12 -79 -19 -84 26 -71 75 2 98 7 88 -49 -92 27 3 55 -9 71 -7 -85 -52 43 -12 -47 7 15 72 75 86 -30 -98 46 -23 -53 -71 91 4 42 -53 -81 52 59 4 94 64 51 45 50 -17 
-37 27 23 29 -95 -26 58 54 -79 -87 68 -87 -11 -34 68 95 -47 -82 76 -99 98 -76 -30 83 7 12 -10 36 -36 58 54 46 96 -74 -89 5 10 54 -38 80 -50 15 8 42 73 71 67 17 -75 -82 93 65 61 -6 -32 77 -8 35 -12 -73 -24 -63 -22 -72 -27 -85 -25 -13 -48 -88 -20 34 28 75 7 30 -30 -78 47 60 60 -76 64 24 -18 38 34 5 53 41 -85 -59 67 -11 -87 -1 35 93 84 90 
-83 6 69 55 -79 -66 50 -5 -24 -61 -12 18 -98 11 78 73 39 89 54 -87 31 0 69 -86 49 33 -74 41 -67 -71 -32 12 41 83 72 -72 -88 95 -30 -43 -58 28 70 -99 -77 36 66 5 66 -67 -94 61 -6 28 2 30 -87 11 -37 96 68 -4 -88 -11 -72 -8 33 -66 -98 -86 -18 43 0 88 -12 -62 -7 83 -84 41 55 99 -56 -55 7 100 -7 -26 86 -72 -44 79 71 46 59 57 90 43 61 34 
41 -1 59 3 -22 4 53 46 -89 58 -20 -66 0 -35 -13 93 41 -70 -30 14 55 52 -5 -82 -26 -70 -1 53 25 -88 41 -46 59 -15 72 -50 -79 -36 38 77 -60 88 33 -23 -85 -75 15 -88 81 -99 -25 79 -33 -82 64 67 -15 -78 17 90 74 52 94 11 -4 39 -73 -13 21 60 -38 10 49 46 -26 -93 -61 -4 70 -35 73 -20 36 -70 -37 -92 92 -17 58 87 95 -82 -39 -29 66 12 -52 -32 -66 -28 
51 -59 23 6 -21 -65 -62 -70 25 -94 -88 -59 27 -95 100 73 -74 89 -25 -10 -4 23 -19 7 -61 72 10 37 52 -61 43 79 -56 42 -17 97 -34 -26 -19 55 -97 -10 -35 94 -64 71 47 -76 -11 98 -85 87 76 -76 -25 -75 -54 28 -50 15 86 72 27 -22 50 -92 -28 -24 -55 53 -97 41 93 86 50 -41 64 -50 -10 -75 -42 -46 -60 32 -10 -63 -48 65 1 11 42 -72 45 -64 23 64 -43 -29 -26 -58 
-7 -2 -24 75 -13 -91 -68 -32 31 75 100 34 19 -18 -40 -41 -88 100 -92 26 -47 -67 -67 94 44 -88 -12 -58 58 -63 28 38 -5 19 -64 98 14 44 34 82 71 -38 80 -70 85 -34 -32 -83 66 -53 0 -70 -89 47 96 82 -73 -8 -57 88 -94 93 70 2 55 -71 -36 -34 -43 -68 75 96 -48 45 -61 -14 -42 29 -84 -38 36 -21 35 -64 18 -16 -83 27 -16 -12 -73 -9 57 -85 -39 98 -96 -2 53 -97 
-98 -48 -27 0 -60 35 58 -45 -41 -64 -30 30 -34 -37 97 89 58 95 -36 93 8 -71 7 -98 -9 89 41 -88 72 -52 87 -71 23 0 -100 10 26 -85 -31 57 54 7 -43 79 -77 3 -44 -32 72 -93 61 46 -62 18 -42 73 43 4 -93 -80 -19 53 99 -24 18 -71 -63 24 -32 -51 -4 -76 39 -92 75 16 -26 1 -60 55 78 -21 69 70 -9 -3 28 -58 -97 -45 -99 97 -77 -41 -26 -18 72 -51 78 -66 
31 50 -12 -44 30 57 -81 -47 -14 15 -25 5 70 -7 -73 6 61 -21 -82 39 89 -20 -63 77 -66 -48 -55 -5 -90 -98 14 -95 -65 53 67 22 42 -42 -22 -90 72 99 -94 -8 -43 -70 26 -9 -54 25 -84 75 48 -72 -94 -82 27 70 77 49 -78 -65 79 0 31 86 -28 -22 94 -76 80 -22 -23 3 24 16 -64 71 12 -60 -1 -8 47 37 -75 96 57 -2 -41 -14 32 -61 -55 -9 95 52 74 35 70 -11 
-48 61 89 93 -7 18 73 67 25 -58 98 -89 8 -82 -95 71 92 -46 -80 -1 26 8 -99 54 45 60 -22 -17 81 1 -11 24 85 -68 16 95 56 -58 -22 -9 -19 -24 22 -69 50 90 68 -96 -60 49 -71 59 -57 53 72 16 -34 -40 60 -16 -69 89 -58 -57 -91 24 76 51 -74 68 87 -93 39 67 89 4 -42 -64 -52 -56 6 -76 -82 66 -80 59 -84 30 -29 57 40 66 -92 -52 46 -70 56 98 80 -19 
28 8 13 60 -43 -93 2 -66 91 -41 -11 8 -71 -84 7 -36 -38 27 97 10 -80 -36 -63 19 -87 84 -2 55 39 89 0 -56 89 -63 62 -15 3 -1 4 -22 54 -65 -18 -26 -68 -26 97 -34 97 -9 33 -85 7 -91 60 -74 -65 78 -53 -23 55 -29 22 -21 -41 -68 22 -98 -10 -75 68 -43 -46 41 -93 27 67 68 9 81 74 45 -62 12 82 93 46 -87 84 49 -9 10 -57 -64 12 29 55 -56 44 42 
-26 36 -98 -99 -93 -69 -94 3 -95 -94 -50 34 48 -36 -6 15 -13 74 73 79 -75 15 94 -63 -69 -34 40 32 75 -7 -51 -11 -93 -98 19 11 12 80 60 -95 -72 48 -15 77 -98 -64 -1 46 0 -39 47 -98 -33 12 -87 36 -37 -53 21 62 100 -25 96 -86 -81 -49 -32 -40 6 68 -42 -17 -9 -59 13 -3 19 -7 -94 -48 -36 50 -33 7 -69 34 13 13 -85 -99 -10 38 65 -73 4 62 -38 6 -41 -46 
13 0 17 -2 33 -39 89 -95 -71 63 -38 15 -48 -72 76 70 -9 -18 -56 -82 100 -45 89 -76 -97 6 52 67 41 61 100 -88 -21 -68 33 -32 80 -17 69 -51 39 41 -27 11 -36 -90 44 40 66 -97 -91 4 91 -39 95 18 -85 57 26 -85 17 -68 -29 47 -44 69 -10 54 82 -34 18 19 -6 90 -43 88 -32 40 62 32 33 74 -79 -81 -25 -11 -90 41 31 2 31 53 -47 82 -76 45 -81 74 71 -30 
-23 -37 -23 88 61 -87 13 100 6 -83 3 96 -77 -54 68 0 -72 -75 4 -34 60 -50 36 73 -19 -18 62 -92 -47 33 97 29 -74 40 86 68 90 12 -11 35 -16 94 -34 46 -42 52 -22 -1 76 82 -61 33 27 -14 -42 -8 83 -47 43 -41 44 -98 3 33 29 -63 -16 -93 77 59 -29 83 -53 -61 -17 -98 -6 92 38 9 -15 -55 60 -11 64 -93 -68 -14 -98 56 69 68 -74 63 -4 86 48 21 -3 -34 
-50 -97 37 -36 -71 -96 51 -1 -14 58 13 -48 -10 58 72 75 -3 -67 -24 -61 6 -97 -9 77 83 98 33 71 -21 -35 -89 -69 33 -39 -76 -28 -9 -33 -18 -67 -8 -33 0 36 -29 40 49 -25 -81 67 -86 -41 12 89 -48 -21 -35 88 47 20 82 99 14 53 81 -3 -11 7 23 -30 -55 -17 10 -51 33 -3 59 32 -32 -45 66 77 -96 -75 -44 -58 -43 -88 100 76 -32 87 82 -47 -41 52 67 99 6 11 
100 99 2 51 50 19 42 62 41 52 -99 61 2 -90 10 99 11 78 -52 86 95 69 93 43 -79 -82 10 14 -20 56 54 -32 -51 -47 100 -81 49 7 -90 -28 8 49 48 86 27 73 94 36 79 -79 33 31 -78 -85 85 -47 -58 1 -47 84 29 31 -58 77 69 96 -19 2 89 8 -50 -80 -84 68 -40 67 85 -38 90 -87 45 -5 1 -75 -46 -35 -13 -24 95 -4 81 -73 -64 13 -21 -95 90 -73 -94 -84 
6 -90 -49 -57 -1 16 -43 73 76 -91 -55 2 75 -34 26 96 -53 -81 12 -54 -7 16 19 -85 69 41 -36 79 -43 -95 -71 -22 -51 39 14 -33 30 73 44 -27 -46 43 -36 4 -90 -97 87 -100 99 -75 33 41 -44 -41 -45 -11 38 -58 -23 100 95 -4 51 -90 -15 45 -94 -93 -33 94 -67 0 -34 -11 -98 29 39 58 -89 28 83 31 25 -81 -46 98 -41 -60 1 77 19 56 45 15 73 8 -30 -85 41 0 
13 -79 -33 -43 63 33 -76 72 3 46 62 -44 -79 -26 -44 88 -27 -64 -25 -37 77 13 76 8 29 63 -69 -62 -2 39 62 -33 -65 -17 -87 100 -81 1 -72 -75 -88 -33 -72 60 -94 -94 -75 79 85 6 -86 -18 -98 66 -73 -79 69 -16 -64 -66 -21 68 -74 94 -36 -33 -49 -54 47 24 0 83 87 19 -54 34 -56 -74 -61 18 -44 63 72 -34 86 94 -33 -59 23 -77 -90 13 71 21 31 29 20 5 64 -62 
-50 63 -87 69 -82 94 -49 -54 -64 -20 85 -70 87 24 -46 -77 -91 -3 86 -50 -56 76 93 -22 -62 -36 82 6 -85 58 74 -9 76 -97 8 51 83 -33 78 -95 -41 92 -28 -92 52 56 -98 5 94 86 -64 -97 -42 -54 26 -96 82 -30 -7 22 93 -86 77 54 93 -58 18 89 -2 15 -93 79 45 -99 35 5 19 -69 -17 -33 -56 -58 91 -51 38 -65 -18 -66 57 -8 -85 12 -72 -80 5 -39 -85 -47 -93 23 
