50
-65 33 47 26 52 -70 59 -31 17 -97 92 -7 -34 34 38 -39 31 -80 9 63 49 29 -83 -17 32 54 -36 75 -42 -32 -26 -76 -30 -40 70 -7 -72 1 -25 89 -54 -10 -16 75 13 44 -50 72 93 90 
-100 67 -92 -7 48 26 -95 92 53 48 -42 -55 -51 -24 -57 69 74 -83 10 17 42 100 -36 78 -90 14 0 6 -71 51 -1 -81 -11 -37 19 33 52 -93 -61 80 73 -60 60 52 -25 22 98 71 -89 68 
66 85 68 12 -97 -48 2 48 72 -11 -31 75 53 -60 -79 -38 -29 -11 71 -51 41 -25 71 -88 69 28 -75 96 33 73 -5 -100 57 22 55 -9 -13 -86 -52 43 97 85 93 1 21 -88 62 -43 44 81 
54 -36 -53 -88 -74 -35 0 39 61 -71 96 63 100 -90 -19 58 30 -81 -89 -75 93 75 85 73 -99 -10 0 -43 84 79 32 18 67 29 42 -91 -11 -11 73 88 14 72 -40 -17 52 -11 -98 10 -76 -81 
47 -66 75 -66 -38 37 82 90 -83 -42 -4 -38 -94 85 52 -82 25 -91 19 54 -43 52 -90 -59 69 17 23 20 -85 -53 -86 0 -98 -30 -88 -96 59 -15 -21 0 12 59 55 34 -16 91 74 11 -21 61 
-71 23 -82 -42 33 2 -13 -50 -36 -68 87 33 -85 43 59 50 -32 93 -26 29 53 -56 73 -86 80 33 22 -93 -69 78 -34 24 95 -19 91 -70 -51 10 -1 83 -24 29 20 -60 0 44 -12 15 -13 69 
49 -11 34 -66 -94 -25 0 90 -26 -31 72 -8 17 71 -99 4 -24 -73 63 70 44 -19 55 -79 27 -56 76 59 -33 -10 -59 35 61 -39 18 46 -35 -19 42 91 20 -56 -27 -77 -20 -98 -3 -33 -19 -13 
28 -30 48 -31 -42 13 -25 -90 -18 85 66 -49 85 -26 -40 -47 -75 -32 -62 28 77 65 -46 82 -17 28 66 11 -78 -34 -6 -52 35 -98 -57 -18 -65 65 54 38 8 -60 26 -76 -2 -34 93 -19 -61 -8 
-29 -74 45 -23 69 -40 -58 0 -8 -24 57 78 -15 12 -79 56 -63 -35 -75 -37 -54 -48 -4 7 85 94 -6 -78 31 49 37 38 59 -30 0 -95 42 14 -1 37 -45 -95 85 15 3 -34 59 -68 16 37 
44 57 -56 -14 -77 -32 31 -46 -32 -78 -92 87 8 13 6 19 -45 78 -18 30 -86 -39 -75 18 -80 86 38 24 -62 91 14 50 -42 -34 68 -79 57 -96 34 -36 -33 -69 -44 3 -6 16 -87 54 73 -15 
15 -33 45 -33 -13 -38 -79 -41 2 85 80 14 -11 -47 61 -100 -11 -61 82 8 72 -83 -96 43 8 -50 43 40 16 -40 -64 6 -13 -37 -18 5 -97 -3 -80 -72 -7 24 83 -22 87 -6 -83 36 -26 90 
-88 -90 -75 19 26 91 97 79 -1 9 -91 86 -51 68 -94 61 -79 -40 -36 -6 16 -45 0 -21 -5 45 81 95 55 33 -13 4 40 16 70 82 -39 73 68 -62 26 37 -54 29 20 70 51 94 -78 -32 
89 44 24 9 -68 96 -24 -21 9 -47 -14 92 56 -38 -88 -70 -30 -19 -100 -60 33 94 -70 -83 73 0 83 -50 -23 -48 -74 -41 12 -94 -61 -83 -85 12 54 -100 47 19 36 39 87 29 85 -5 94 80 
-10 3 40 -17 40 -70 16 -3 44 -19 -55 10 12 -90 92 8 -14 37 81 -1 0 -20 -89 -14 74 96 -67 52 -62 -54 -65 53 -84 -14 -29 32 -72 1 59 33 -32 -99 -18 70 50 -58 -81 -19 -10 -89 
-22 15 -93 -18 70 -75 87 -84 77 -27 78 99 -62 -10 40 -70 77 55 -48 -45 -2 -97 -45 59 28 -79 98 -24 -44 8 -5 -46 -73 94 11 40 20 -50 -52 -73 -57 -4 67 20 8 -82 83 -41 66 6 
-45 83 -62 21 -90 32 -97 -67 -18 13 -74 -74 27 -5 49 -29 -48 90 -88 71 -31 54 24 -70 -58 -45 -21 -37 -26 -75 -85 -63 59 -66 52 85 -58 -95 -70 11 58 0 -22 65 50 88 -47 -42 -12 51 
3 79 -21 89 -46 58 57 99 -10 25 -50 -51 3 26 -91 7 -1 71 -26 -18 58 -48 -35 -95 87 75 73 89 77 41 -82 -90 -25 -59 67 7 66 69 58 50 85 -83 40 12 27 -90 -31 -76 -27 -3 
69 52 18 -19 93 13 3 -37 -85 53 -63 -48 -47 27 51 11 -92 9 85 7 -64 31 -54 -35 0 0 -99 -39 35 25 -80 -94 70 -18 61 -82 -70 89 6 -64 -85 -36 56 42 -29 39 -83 90 -58 -91 
26 75 99 93 71 52 18 -42 -1 -72 -83 62 -24 -58 87 -12 -35 -47 -25 35 -58 -36 -9 -43 6 23 25 4 21 8 5 53 -39 -47 54 -41 10 -10 -41 67 -28 85 46 -23 84 88 5 -6 -13 -67 
77 47 -52 5 -44 64 25 32 41 85 -43 19 0 -8 -46 15 -100 -78 24 80 71 -62 10 -32 50 -32 64 -79 22 -13 77 17 66 56 5 -4 -43 87 -50 97 45 8 -43 69 81 -14 1 59 -10 -64 
79 68 -32 1 -64 28 90 83 -14 85 36 19 36 97 -30 48 63 7 40 -84 -6 -73 -45 -6 0 95 52 64 69 15 -94 30 91 -45 -13 -58 34 47 35 28 -68 0 -45 80 -73 45 -9 12 75 -12 
-37 27 69 34 100 59 0 -76 -37 66 34 -10 -57 3 -47 -66 20 -14 80 27 63 99 42 33 50 1 39 -90 -36 -56 40 28 100 -33 9 -66 72 -88 -43 -66 0 -23 53 21 -18 -64 -89 89 -83 -5 
-6 33 49 -88 19 72 19 31 -49 62 9 -40 28 -51 -28 73 43 -47 -90 -64 -96 -59 35 69 12 -70 99 60 19 7 21 -10 74 55 -40 -95 -49 -41 -36 -100 4 30 -65 -22 61 -96 -8 -11 76 -32 
-46 -35 -9 -7 -49 39 -2 46 73 -26 26 27 -17 1 -9 77 75 61 -88 44 -37 -96 28 85 -25 40 76 -26 -53 51 -59 44 55 -52 64 77 10 -53 9 -19 69 -19 -5 -28 90 60 85 69 -99 -64 
53 -51 -29 30 17 35 -24 96 -27 -10 -8 -16 76 36 22 47 -17 -5 19 -47 -66 63 -62 -95 -63 -27 -48 51 64 -58 86 14 75 -35 85 -85 98 92 34 32 53 -29 -51 62 88 32 -55 -98 -80 6 
69 82 -81 60 -72 -86 93 98 19 26 -39 59 -83 26 5 81 -24 -77 -52 78 78 45 -40 -11 6 -24 -57 50 83 53 -62 -10 -89 -10 53 -71 -41 90 29 -86 73 39 96 -60 30 -35 21 45 96 39 
49 -43 95 -38 -61 -8 39 52 18 13 -74 75 7 -33 -16 -78 55 94 38 27 85 -23 -87 -7 73 32 11 -88 -92 -92 -28 -77 -13 -37 -9 -92 60 54 -82 7 69 54 13 46 79 31 99 23 -22 -38 
-21 93 83 -47 46 15 25 -93 2 -10 -44 99 -29 60 27 -55 80 -61 -55 92 51 8 -31 -48 28 -41 61 9 83 78 -61 99 49 -61 -28 77 55 87 53 0 95 -41 50 50 -51 96 32 70 -83 -82 
-66 81 -84 -90 -84 -67 -25 -8 -54 -57 70 10 -62 -92 7 -7 -89 96 82 -57 30 -92 40 -11 -55 95 -13 54 -42 -43 78 -61 47 55 15 26 60 -83 -55 -33 -59 58 -45 -21 63 26 -7 -54 -60 -78 
-67 20 23 -82 -26 -100 96 -63 -10 -40 -47 -78 -87 -25 -54 79 9 70 -58 82 71 2 38 -90 -2 13 -1 -59 25 17 48 -39 -93 62 -77 -73 54 20 -79 -29 94 -93 -52 55 -67 -17 80 73 -24 -46 
-92 -98 56 -6 -17 100 95 -58 87 88 25 -87 -36 -20 -38 -85 14 -93 34 22 -5 17 -17 10 57 24 -80 -64 75 53 -50 -73 72 -24 54 -18 -24 36 -3 15 -43 -56 -72 83 20 -100 -26 -69 -62 39 
58 -5 -31 -46 -95 -27 -37 80 76 41 -61 44 25 -22 59 43 -5 -56 -27 35 -95 -36 -32 31 -62 23 34 11 6 -89 -88 -69 6 40 39 -24 99 6 -74 52 -6 -48 39 70 -6 -86 72 -25 98 17 
12 -28 93 -91 2 -13 -87 -69 77 0 71 -65 9 8 92 59 16 -73 0 48 91 41 -36 85 -26 49 -74 -60 45 -72 42 77 -51 99 25 -17 -55 98 -32 97 -37 -89 98 64 -100 -23 44 15 -49 28 
-82 58 -56 -59 91 -46 92 49 51 -57 62 41 59 -92 32 59 77 -25 -15 90 3 -22 10 0 32 -29 -47 -29 -25 -39 45 -45 16 -21 3 44 -6 38 -66 97 82 29 -16 -14 -70 -95 -89 -88 -42 43 
-83 -65 -1 -57 -4 -51 59 50 67 -67 69 95 -22 -5 31 73 -24 -23 -18 -44 -48 -69 80 -69 -20 -92 -26 -70 -11 34 83 -84 -58 49 -23 -19 45 -81 62 41 67 -69 -64 -67 -6 -48 92 -59 -96 46 
71 54 85 -76 -79 76 54 78 -16 -19 -25 3 60 -31 -90 81 -1 0 -12 -94 -85 38 -52 62 18 -98 -9 54 100 59 87 44 44 93 -19 96 56 33 -82 80 6 26 9 -32 -14 36 -18 -1 -40 57 
-15 77 94 -42 -59 90 85 -87 72 11 -7 -100 -41 -82 58 8 22 -39 -21 -50 75 -43 -52 -43 2 -57 -34 -45 40 68 57 -42 2 78 31 80 -33 -72 17 -73 -40 0 59 -9 12 -91 8 82 -51 -32 
75 -84 53 -92 39 93 38 45 -65 15 -62 -62 -48 -98 -72 62 -86 -37 89 -26 -65 27 43 3 16 -50 -9 11 -38 55 45 43 -77 52 3 -65 53 18 18 47 15 -94 44 34 -14 72 62 -53 -62 40 
-89 98 -83 42 -38 -6 -40 9 68 -51 59 90 -12 73 55 -75 -71 -38 31 -12 -47 23 56 70 -49 -86 -10 -42 -40 39 -4 28 0 -10 -90 19 -87 -20 75 23 49 3 -4 69 34 -80 58 79 26 24 
86 -97 80 89 -41 55 25 96 3 -83 92 -12 0 61 25 -2 94 24 57 -77 -22 -2 -65 -91 5 80 74 97 99 82 -49 8 -77 12 84 57 8 98 94 47 58 -67 -9 19 -92 98 22 -26 96 32 
74 48 -52 -74 -35 51 71 87 -34 68 62 -82 10 -41 76 -84 40 -46 -19 67 -10 -36 -89 38 44 65 -96 -11 -68 76 64 -72 48 -21 23 -12 14 68 -97 -7 9 -90 -98 -16 -36 66 -82 86 94 0 
-19 97 -33 14 71 71 -65 24 56 -63 44 -64 -96 18 88 -93 -20 53 34 -73 -46 -31 -63 98 -55 -1 -2 4 -11 -62 -7 -37 -9 -47 -35 -35 58 -8 75 -78 -35 19 10 -59 -52 -4 67 63 65 40 
-94 -15 -40 -7 43 -52 -31 32 -100 2 -21 33 -75 -59 -83 -27 -93 92 -92 74 -87 95 78 -44 -9 -23 83 -90 3 -96 -90 3 -45 76 -18 -39 -61 -15 9 -48 66 51 -92 -91 -32 32 -15 42 74 48 
37 12 -74 -95 55 -24 -24 -43 26 -99 22 -54 74 -1 28 -10 39 -67 2 -93 50 36 -72 22 -8 -31 -88 -89 43 -45 -92 -31 17 -3 8 -12 -20 16 -98 -45 -18 47 -75 -61 92 -85 99 -61 4 -43 
31 -69 -69 3 -50 -46 10 41 41 -34 2 -72 -72 97 35 7 58 -97 -92 47 -78 -21 26 -68 13 44 21 -49 -12 51 -65 23 -24 -30 -74 10 42 -63 50 -4 -72 80 84 -86 -92 5 88 15 12 42 
96 -5 14 -9 -38 97 -88 55 48 86 -35 1 -27 42 11 62 -41 -71 50 -47 -1 70 91 81 -21 -54 -84 -90 -24 -17 -52 22 44 95 76 -41 -53 -7 -33 91 -25 -56 -8 -7 53 -31 -19 38 3 -60 
-2 38 14 -93 -71 -22 45 40 31 2 -84 -12 49 48 -81 -12 -95 85 -37 52 -55 -22 -100 86 -11 -4 83 12 51 94 -30 32 -1 58 15 -44 67 -31 39 5 -42 2 60 -87 82 99 -69 84 29 7 
-13 47 -100 35 51 -58 70 -68 -85 75 88 -90 78 16 -98 95 -93 88 12 13 57 -31 -71 26 3 46 34 -27 81 -5 47 -22 28 -89 -89 -70 20 99 63 85 -5 42 6 -26 63 -77 -71 73 -86 5 
-99 -21 -24 -96 -55 68 -97 -54 35 -71 16 0 5 8 -76 -16 -78 13 -18 7 -84 -47 -61 14 89 -81 -33 -64 -13 -16 27 66 -98 86 43 81 51 -78 6 67 -34 -90 21 56 82 -24 77 -60 44 10 
75 -13 -58 68 -71 16 41 41 17 42 -94 -68 -83 41 61 33 28 -1 -89 -85 -68 -28 41 23 -62 -90 29 -43 96 38 20 -92 100 -11 -63 -32 -49 -37 -13 -6 -76 -84 -80 7 -19 58 -38 -94 0 -12 
