67
-63 74 29 -50 -66 29 40 -20 -78 -4 -1 -43 48 -17 57 42 80 -13 -70 68 87 -80 -3 -14 -51 23 -80 -81 31 -67 36 -84 69 -78 14 -29 -41 4 80 96 -52 -95 6 -41 -31 3 87 -88 -42 36 41 -17 -46 87 -24 73 -75 -96 16 77 -41 73 -83 -72 96 -33 -78 
-10 97 28 -60 -78 -40 39 -77 -98 33 -98 -2 -64 -62 -74 70 58 -73 84 -93 -20 -85 88 -32 -2 -87 -4 -53 -42 -92 64 -10 57 78 1 1 -67 21 -72 23 97 55 -85 -89 34 10 60 -16 39 32 -93 -13 -46 -5 64 -81 26 -14 81 50 9 63 -100 20 26 39 -32 
58 -82 20 -52 13 98 -21 86 86 -54 3 -99 -48 56 -70 49 83 62 76 -51 9 -44 5 28 25 -66 -35 -84 75 -91 -32 2 -73 47 59 -2 -100 -10 -66 5 34 -96 60 10 62 59 -52 -54 -65 88 -93 -14 -6 16 27 -94 78 -8 -78 -19 4 15 94 13 44 -32 -24 
93 82 18 3 56 86 88 -57 13 85 16 -93 99 -93 -47 -2 99 0 -15 79 39 -74 44 70 3 52 -57 93 -8 -8 61 -90 51 -9 -21 51 -4 100 -85 32 -96 86 0 -50 28 21 -62 -88 57 53 36 5 -71 68 -81 38 62 91 -52 -12 96 28 78 6 97 -87 87 
-81 95 -29 -37 -76 -70 19 -92 -53 79 80 68 29 -53 22 45 97 -99 70 48 -52 -83 -52 -47 -22 52 9 24 11 99 55 -95 80 27 -85 61 60 79 -43 46 -51 91 80 69 -43 -42 -44 85 20 57 -56 94 -5 -45 -78 44 -73 -3 -88 9 -76 -63 -43 -38 -7 0 -90 
65 42 -69 89 -12 15 82 23 -24 29 -63 26 -63 58 5 20 -3 -65 -49 -16 -85 5 -31 -41 -60 -21 88 14 -70 -89 92 52 -20 22 -34 0 65 -38 -21 -61 -58 87 47 -3 -70 -3 -28 -69 82 -42 -22 -81 11 12 -92 73 -28 72 30 48 72 -95 90 24 -37 46 57 
-78 -2 -25 5 -42 72 29 -15 69 -17 -99 72 -76 -83 -86 48 -83 67 -9 32 74 -23 -65 28 -83 12 -57 12 97 90 78 38 -96 -19 -71 59 35 44 -60 18 -96 4 47 84 72 -47 59 95 -61 81 40 67 -45 -31 -28 43 -35 10 -3 -84 -85 38 50 35 36 -99 -38 
16 -91 -79 31 17 -56 0 -75 -1 43 -86 -76 -2 4 6 -11 -91 -72 54 -60 80 -26 -57 -85 -66 48 -11 63 6 -89 -96 -87 0 54 4 30 -21 -11 67 -43 74 -55 51 62 -90 -6 57 6 16 -91 -100 53 -59 32 -70 56 -80 -81 88 -79 58 -94 -67 -22 -90 -31 93 
-26 -26 69 91 63 -17 -24 -69 44 10 82 -12 63 83 62 91 8 83 50 89 -17 -31 -84 89 -36 -56 66 -79 96 -24 39 -35 -10 87 -31 -7 95 -51 86 47 27 -71 8 11 -56 -63 -76 -86 -2 -99 94 -74 -49 73 58 87 68 6 57 -55 31 54 43 -68 4 40 95 
23 51 5 97 -78 52 -48 15 -28 -6 56 85 0 -100 -92 58 -50 5 -59 -5 -80 -78 62 16 3 90 55 -91 -12 99 57 -46 40 43 66 6 -47 -13 -86 -87 -65 90 -59 17 -66 70 -91 -36 -18 -67 -89 22 -83 -56 80 37 66 91 11 30 93 -23 -46 11 76 39 60 
15 -27 -20 87 -17 4 -20 -34 69 -69 77 95 72 29 60 96 -32 94 41 -9 -74 -51 11 60 -35 -96 -76 -29 28 -99 3 -4 -42 29 34 -7 18 61 -99 -74 57 -18 21 0 -63 -99 31 18 41 22 -74 -96 83 60 -50 87 -65 -59 91 96 57 -91 -46 9 -15 70 -41 
5 93 85 50 59 47 -64 23 95 19 -59 -22 -32 -47 56 96 12 83 -82 63 -66 53 14 -92 -96 2 -72 7 -20 36 58 -60 -7 -16 67 -68 -62 -44 75 100 42 -19 14 1 33 -49 23 -30 73 14 31 73 39 86 -20 90 -2 -3 -64 -67 28 -60 -44 -42 -57 -19 66 
47 72 -64 -5 57 14 95 26 -30 -65 26 -47 35 73 -25 -6 -67 -90 -24 42 -72 -66 23 -69 21 20 67 -88 54 73 -24 -35 -7 -73 -60 -20 1 -15 -18 -18 83 -50 93 -3 -66 -88 -27 3 -97 64 -40 77 -41 49 72 86 -20 83 -97 77 -51 40 0 62 96 -36 -32 
29 -85 29 36 54 -47 13 74 57 -89 -54 -35 -41 93 0 -57 -80 10 8 90 40 -99 -61 -48 -8 82 -10 49 -77 -33 -37 38 -51 47 -63 -54 -1 -53 84 -34 -22 -43 51 18 -96 78 -62 16 100 -18 73 45 34 100 -72 82 79 70 -4 -99 59 89 40 -1 -57 96 33 
-5 88 41 -34 -80 -92 -29 -84 -46 11 -62 44 47 77 70 -61 20 -72 13 52 65 7 -85 -21 -95 -77 -89 96 -38 36 -46 -96 -5 -17 90 3 -87 32 -96 42 -76 -95 -67 62 -20 92 85 67 -96 36 -24 17 -25 90 8 60 98 -77 53 56 34 -29 -19 -77 -59 -43 69 
3 1 -67 -78 -22 5 -1 67 -87 55 53 -66 -73 -14 3 -15 45 -4 46 -82 30 25 -54 95 47 0 51 -59 34 -81 -33 -3 -66 -52 95 53 86 7 82 -3 -71 -67 -63 -24 84 -11 35 2 62 -35 100 -12 58 55 -47 -95 -5 40 -16 -26 -3 -29 -82 -45 -19 96 -67 
-99 29 -63 -9 95 52 92 -52 54 90 49 42 93 -68 -53 -22 46 1 38 -49 -55 -89 -95 5 -39 42 -62 -100 -66 72 -79 -17 6 15 86 -96 63 86 82 -87 -14 94 -37 -96 -65 -38 -4 99 -96 52 17 -85 68 -42 -11 -17 -2 59 55 27 -57 -80 73 90 -67 -62 -51 
-66 -15 19 -27 -46 58 1 -28 -31 57 73 3 27 62 -90 -54 -10 50 -24 -90 31 88 -81 41 90 -76 -9 -24 27 -89 -50 94 75 -26 -32 -57 -20 68 8 -89 28 -78 77 56 6 67 -62 17 -98 98 38 -75 33 34 -56 -33 -41 -24 70 -43 23 -68 99 -35 -50 97 -70 
86 43 -32 -85 -56 -66 0 -84 21 85 -17 -55 -16 -1 -30 -52 35 26 34 -90 -65 -80 47 89 65 -93 -18 -54 -10 -88 -51 93 -72 -54 -34 54 77 17 99 -4 -67 -50 -59 -99 -51 -63 38 22 80 -13 -13 13 19 -39 75 -93 45 66 -45 -85 17 -81 -6 85 -86 -33 -18 
-66 90 -59 -80 -6 89 57 91 20 -84 13 -37 -74 29 -76 -53 16 40 -65 49 8 -66 -17 3 -70 -17 52 -49 -63 -12 1 16 74 -20 3 -20 85 7 7 -5 -16 6 -60 -87 -32 -3 -79 79 28 100 68 -60 59 -7 -18 76 -97 33 48 -68 31 55 48 -24 -29 -1 41 
92 21 91 20 97 61 42 93 -82 -6 -78 51 -6 6 -58 -60 49 22 75 -42 51 -69 59 -20 0 -46 -76 47 71 29 -94 -67 -60 92 55 73 40 25 69 -40 -49 98 -52 -54 97 5 44 -31 15 41 17 -69 93 52 -78 -24 4 -9 54 -79 25 1 24 5 14 61 -36 
61 45 26 39 -41 43 0 -31 15 32 -11 5 87 -85 -95 82 -22 57 -20 -27 38 -26 -86 -53 59 12 -100 72 65 -6 -96 92 -85 -79 96 64 97 81 63 76 14 -96 58 96 8 -35 -56 -4 -12 -31 -76 -10 -79 -21 98 -59 31 99 -6 -22 72 -60 -47 -89 -77 98 -61 
30 51 73 -8 85 8 -74 -64 -30 -12 54 -100 -63 33 -21 -34 90 -13 -69 -96 49 -45 64 15 88 47 60 30 -20 -10 23 8 -1 -37 -95 24 8 19 57 -82 -75 12 -96 -37 -92 87 -13 -53 -34 -19 -2 32 32 69 -3 20 -1 75 44 -93 -11 79 33 -57 69 48 -24 
26 -58 -76 17 38 43 49 -11 -31 73 16 14 86 62 64 1 -68 -13 48 -97 -15 -8 11 81 97 -52 -61 -64 -58 35 45 -91 73 -30 48 -17 98 0 -42 14 -42 24 -92 -85 -40 -69 -27 -23 -53 -71 85 -20 -93 -52 -6 25 33 -17 41 6 -24 26 46 -56 -30 -35 -73 
-60 95 -43 -27 29 -41 -95 -83 -55 62 90 64 -47 -13 -97 -73 -31 6 -48 -99 -35 46 -90 41 -35 81 52 95 60 -18 -29 26 -90 -6 -73 80 26 54 6 71 -66 14 9 -13 -98 -21 -60 22 -55 15 -85 -46 52 -75 -46 -91 96 -61 26 16 75 83 -82 78 -56 -90 -21 
-99 20 -45 -7 -99 -42 -38 66 -18 -40 49 -98 -79 -33 85 5 81 98 81 -85 97 7 -27 -75 7 -92 58 -36 -31 -15 -45 91 77 -38 -11 65 -69 -17 -45 28 -92 -70 72 -99 52 36 -5 -88 -43 32 15 -48 80 -67 -76 71 67 61 43 15 -4 82 73 86 81 14 94 
3 -38 26 -51 2 79 -29 -81 60 -74 13 -53 48 -8 44 50 21 90 61 -87 17 -47 -86 21 -26 23 82 30 60 -29 -61 69 -11 11 46 -24 -28 44 46 -66 61 76 -11 98 -24 83 -48 -99 -60 96 23 -26 11 -75 45 -54 36 3 24 -44 15 -83 -14 77 -100 -28 -6 
-2 -94 97 -27 52 24 -70 -79 64 98 -23 -6 -99 -92 47 34 -89 90 -24 61 -6 22 -28 74 81 33 47 100 -88 77 51 10 -8 40 35 5 -55 -99 53 91 -38 -27 52 -69 99 -5 82 -66 97 45 79 -19 96 -76 43 -94 -91 28 -52 82 99 63 79 43 -90 -2 24 
-68 36 -17 -73 68 78 -56 22 51 -42 70 17 62 -66 23 55 41 96 75 -30 -29 -26 54 -27 -18 -16 -62 18 93 -43 -92 17 8 -17 -19 48 65 21 97 37 7 22 -22 0 -73 3 -56 88 11 37 -10 66 0 -28 -45 74 -9 43 -63 56 13 34 -31 -91 -79 65 6 
-47 -45 93 -96 4 50 8 -85 63 3 32 -52 -18 1 -76 28 8 -43 -21 81 -19 22 98 43 58 16 -56 88 27 52 -26 35 -84 30 40 33 -1 35 32 77 59 32 -90 70 -53 -17 8 -46 -62 78 44 -18 -85 24 71 58 -25 -82 68 94 -49 57 -81 70 76 -50 75 
30 65 -28 -51 -39 62 96 32 -84 2 12 -70 -99 -60 53 47 -8 10 13 96 -62 -74 20 -100 44 84 -41 -53 33 -36 -84 -26 -86 24 -9 94 -41 -55 3 -88 32 29 -48 -82 -87 83 51 -32 4 12 -12 -79 -22 95 -6 9 7 -74 -90 83 -16 -42 -38 -88 -29 -85 -70 
-10 91 44 17 -10 -53 19 -46 -9 53 45 -31 -38 -70 93 66 -71 9 53 69 48 12 -31 100 -59 64 -98 37 -67 -55 48 26 79 69 59 -70 -68 -50 -4 28 -66 62 -10 99 98 -97 70 52 24 -92 -43 -24 38 -6 72 81 -87 -69 17 -32 -65 -80 97 -87 63 24 26 
-73 -88 40 95 -46 40 60 -4 -42 7 -29 -85 -49 5 -11 69 -54 79 -50 0 -67 74 78 -47 -13 66 -20 71 45 64 8 51 80 62 65 -27 -64 24 17 -57 -74 -34 25 10 -79 -78 -12 20 -73 -20 27 39 -93 86 -46 -51 44 13 -64 98 31 4 37 -1 -61 73 16 
14 17 -23 -21 -77 -46 -79 -56 84 -94 -86 -42 45 -57 -79 50 16 -58 -11 -30 53 -89 16 77 -87 -19 3 -8 51 16 -36 -100 -59 75 84 70 66 -50 -4 -57 -11 -33 -31 -32 -47 57 -66 -37 38 -68 11 -12 -46 -1 25 82 100 68 19 17 -91 91 -78 18 34 -41 -16 
-3 14 -16 71 59 -78 -24 93 -9 3 78 36 77 -78 19 -4 52 27 -16 77 -13 55 84 -76 78 -11 11 -5 99 -60 -52 -90 45 -24 -80 -43 -57 9 33 -96 23 -56 -59 10 -28 64 65 -96 95 -65 63 -78 25 -8 -47 -79 -13 -22 -89 -25 0 54 -68 20 74 56 -41 
24 38 88 -62 68 55 -38 -13 -66 36 44 15 8 -1 -52 36 -6 -24 -36 49 -81 -47 84 98 -46 13 -4 17 -16 79 -1 -53 14 -94 -20 80 -71 -72 -27 84 -8 -73 17 -50 10 18 -49 -63 16 -83 -91 0 52 -20 41 -77 74 1 -32 23 82 -85 49 96 5 -11 94 
-32 -49 46 -31 25 -28 -15 -85 -24 76 37 81 0 -20 -16 54 -28 42 -5 -66 -12 -68 42 69 3 8 49 95 -71 20 -16 36 -67 -67 54 34 78 51 -92 -85 40 -63 -24 -39 -4 66 -42 39 0 21 -65 16 49 61 49 -66 78 -64 31 4 -65 -27 27 71 15 -99 -50 
-52 -60 -20 -35 18 11 39 16 -97 -36 69 -34 61 79 46 74 -42 -52 -57 70 33 65 13 86 79 23 -71 8 2 -48 -62 -41 -35 -20 -78 23 49 -59 -1 31 -21 42 -24 57 -14 -82 64 -12 -100 81 -65 -5 84 90 47 -25 76 -13 92 -67 -50 95 -87 90 -8 -78 71 
-22 51 -80 16 100 7 -42 -41 71 83 87 -82 13 93 -24 38 -45 -1 -44 99 61 -65 -44 -97 87 -12 -52 -51 3 -94 -26 78 5 -55 -11 91 37 -85 65 -92 16 15 -55 7 84 69 -94 35 -92 -96 -43 69 47 30 48 -49 64 69 38 25 63 -89 -45 -33 -16 59 -60 
-76 -41 94 1 39 19 79 87 62 -96 -72 -12 -41 82 -44 20 87 -9 -45 71 -73 46 4 69 -10 89 -32 45 91 85 7 59 -91 30 -75 7 -31 -60 87 -26 -22 -14 59 -82 -7 -61 -11 -58 99 95 -50 -5 39 41 -51 66 -51 66 76 47 -81 27 34 95 -31 74 24 
49 -74 90 -52 -76 12 -42 -100 -86 -57 59 31 -17 95 -80 37 67 -15 -68 47 -43 -75 -88 -37 -87 -85 -8 23 27 21 40 -17 99 88 -86 -74 -66 -25 -23 9 -5 -84 -52 -49 -12 79 20 -33 10 -59 -81 -90 -15 -96 -48 15 -70 66 -99 -28 87 -97 -38 -100 -82 -41 -26 
-18 -23 -64 88 79 -42 -23 54 -71 -13 -40 -29 -25 84 73 -95 88 67 41 63 91 99 2 37 65 62 -7 73 37 -1 -24 94 40 -38 -14 42 58 -62 29 56 -2 31 46 -7 98 -27 24 58 51 4 19 -8 0 -31 29 -13 36 37 -86 -93 -41 0 97 -20 15 -79 94 
-48 87 -80 -60 -6 0 -52 -2 22 -51 -8 34 -49 -56 -58 14 46 -12 -26 36 31 59 -58 -100 -95 -42 32 -34 3 5 88 89 -86 -6 80 -38 53 44 -13 4 -35 -39 94 91 62 -62 -83 77 -62 -96 83 -14 -86 57 -95 31 -75 91 -4 79 -40 13 -70 47 -15 -78 -95 
10 -49 70 98 -10 71 41 35 -98 42 56 83 1 3 39 83 -1 72 -42 6 -17 69 22 79 59 -11 90 -56 42 96 -4 -12 -60 -23 28 31 88 -71 55 47 8 92 -73 -54 -40 -54 2 46 40 -17 76 -72 -66 -55 -82 19 81 -9 77 67 -25 76 -76 -38 39 -61 -22 
36 66 -74 -10 38 68 -33 68 -52 83 90 56 27 3 32 -88 56 24 8 -94 33 75 18 -90 -22 -5 28 -2 50 3 23 -52 -71 17 -52 44 -37 -100 48 -23 -69 -56 -17 -48 50 -39 -26 -46 66 -59 98 -34 -16 -4 0 -34 -2 -48 26 -83 83 84 -36 7 -4 -93 45 
-95 33 11 82 -81 -4 -27 -84 -39 87 -7 40 69 2 46 77 84 17 76 4 -21 91 27 -1 73 -86 -59 -11 -98 60 -68 32 -35 -55 100 76 98 -89 -76 71 5 -64 29 62 77 -6 -64 47 -68 -87 82 -51 -50 69 5 21 65 30 -36 11 -63 -99 -27 -16 -44 11 59 
72 -84 64 -58 -76 65 -65 -67 -90 72 2 -16 60 -39 21 -95 -7 -13 -31 16 -56 85 -80 -31 50 -49 37 81 -13 -72 -54 0 37 -93 74 62 8 60 -34 75 -55 20 -52 3 25 -45 69 69 96 100 -74 46 72 -46 59 46 35 73 -62 85 14 61 73 -22 -31 60 -63 
81 -93 35 -26 -45 64 71 -2 9 38 -65 -50 83 45 -92 -27 93 -55 22 35 -60 30 54 -10 -77 85 43 31 -52 93 -21 -19 34 29 99 -65 -58 45 97 -90 87 -26 -32 -72 1 -5 72 95 -39 77 8 -40 61 -84 -33 92 -68 78 -33 -23 0 94 -40 -56 11 87 78 
-14 57 -14 71 92 -71 -12 -87 -26 -85 -97 -4 -36 51 86 68 -47 -61 92 42 24 94 42 99 15 6 -76 -92 36 -41 -66 -69 -41 -70 75 -93 -67 -74 -65 17 40 -46 -40 -79 10 39 80 -98 -72 -42 24 98 -45 66 95 -78 7 -69 97 -80 26 0 -72 70 -62 51 35 
-50 43 -68 23 -66 53 -42 -74 25 72 -44 -91 -15 66 -49 -14 59 -80 -94 64 -67 -9 -23 -35 -87 59 4 -77 -72 -15 13 -84 6 -84 -3 15 58 90 39 61 91 -81 -2 -54 64 -18 -61 37 -24 1 27 59 39 90 -33 -22 33 -23 -42 43 -43 -39 24 93 -12 13 -30 
75 47 13 73 26 23 -8 22 4 -48 13 21 92 -63 -33 -25 -97 87 -20 31 25 -19 -91 36 -33 -84 -58 -8 -39 51 24 -63 -73 63 61 4 49 32 9 80 -61 -85 22 95 -86 -96 20 -33 16 25 -73 33 72 25 -25 49 -64 -31 79 -87 68 -76 69 5 42 -70 26 
84 -100 -28 1 -79 85 -18 61 -68 24 -79 22 5 -79 38 -46 96 63 -55 6 -4 -93 57 40 -36 35 70 -82 -6 55 -55 -4 -29 14 65 -19 -38 14 -68 97 58 86 -13 -37 36 -83 36 96 14 96 -76 -94 -15 -77 -27 15 94 -10 -12 -88 -50 -51 71 -31 -89 -16 25 
-27 2 60 47 9 -77 -29 44 -23 -68 14 15 -37 40 -16 96 35 -70 75 58 -62 80 43 -96 -25 71 2 71 72 91 -12 88 72 19 97 -83 54 35 -37 73 -71 20 -63 43 -31 58 83 63 -5 39 37 -19 -63 33 33 -41 -100 51 -46 -12 -73 -20 -72 -99 -69 63 27 
94 67 -39 -39 61 -83 -68 84 -40 11 -11 -11 -15 -84 93 64 21 -96 40 -95 -41 21 80 96 -73 12 75 -71 57 86 -69 -83 -55 -40 59 62 -50 -89 -11 -83 71 35 99 -60 -29 -34 -26 43 -56 -27 6 -6 10 59 -100 54 -7 56 -91 60 4 57 42 -39 27 91 -34 
-83 -24 88 -25 -71 -34 40 56 32 -52 63 -19 -100 -30 96 66 -70 23 78 15 9 0 80 -98 -42 73 -60 32 96 82 1 100 33 67 4 60 41 -12 41 -33 -78 -87 -8 -76 58 21 -80 -32 25 -35 89 -22 29 6 43 -98 -97 58 76 17 80 78 -15 33 67 -79 33 
-38 73 -19 -68 79 94 -29 -53 -15 -90 26 98 14 -3 2 -4 -82 40 -46 61 85 -89 48 21 -84 27 83 10 29 31 -5 -13 -95 38 90 76 -80 71 97 -15 82 -71 -73 49 73 -17 -96 -97 -73 12 8 37 77 -7 -78 82 -14 -91 1 -41 -58 -81 -15 18 34 40 -77 
-63 77 47 -63 -34 -42 -7 -9 64 2 -77 47 15 -82 42 76 -30 -89 -75 -70 -57 92 45 32 69 0 -99 -17 -22 -7 -98 61 31 66 -41 20 -62 -37 -69 -16 6 -98 70 39 -32 -77 40 42 0 19 75 -93 49 0 -32 -49 18 -39 27 -77 47 54 68 26 36 99 14 
58 -60 89 -12 -54 -81 31 -86 85 75 20 -50 -3 19 -26 -62 -10 -11 86 -45 84 85 -77 -31 -3 90 35 -34 -85 0 72 -8 68 29 -20 -71 -54 -38 81 -62 60 89 92 -8 -20 -61 -31 -74 -94 -98 69 -94 -100 30 49 -65 -88 71 -71 -28 69 -20 -20 55 -100 -16 61 
59 -94 29 -6 93 16 3 -20 -22 61 22 16 -88 14 -90 -46 84 17 35 -64 -34 74 -65 38 16 -15 -53 23 -24 -66 -62 4 17 -58 67 -39 -5 0 -96 -92 80 26 -46 -91 85 -12 25 42 50 -90 -73 -75 50 -20 51 -80 66 1 -70 -48 100 -86 -96 0 93 -68 55 
-79 34 81 71 42 -87 48 62 -23 -81 -20 -12 -79 14 53 -41 8 20 0 -8 50 79 -10 0 31 -10 33 82 -97 27 74 51 -38 94 70 98 -14 84 62 9 5 50 39 78 63 27 -24 -61 -9 33 58 40 -66 60 23 98 -63 10 -87 21 56 32 -10 55 -83 67 -94 
-98 -53 0 -91 -56 66 -90 84 -70 16 59 -14 -22 37 -13 72 12 92 22 43 95 -30 41 63 47 -82 -44 37 -7 -93 8 -78 -28 66 18 -5 43 -28 5 -98 54 -46 -31 -16 -58 -53 -7 -89 -19 -54 -23 -35 75 32 -72 -91 -43 34 82 -22 41 17 86 -19 -15 80 -6 
47 43 52 -78 75 90 68 -3 40 76 50 9 -78 -60 -46 -88 -98 25 8 94 -11 76 88 50 24 53 48 -78 -94 42 -49 -57 -6 64 54 83 -69 6 61 -73 52 81 13 0 -85 30 -75 -30 65 94 -5 -56 -86 -16 23 -78 35 73 -61 69 -43 58 -45 -10 -63 80 19 
75 67 -17 86 -19 0 -25 82 -85 0 17 75 49 29 -58 77 6 -12 86 27 68 -88 -20 -52 89 20 37 -50 68 27 -96 54 -86 49 -82 26 -95 -65 75 -85 5 61 97 64 2 58 30 -99 -81 68 35 88 -42 100 -59 75 -78 -38 82 -23 64 -60 -57 -74 -37 -54 9 
-43 63 0 69 -45 -72 -58 -91 -66 6 27 53 -38 -94 51 79 1 74 -6 92 -90 69 19 -48 59 -31 65 -86 -51 24 -79 -34 95 18 -9 15 1 89 -95 -54 40 63 -92 78 -1 7 -1 -30 -83 82 22 -5 52 89 83 -7 -56 -10 22 -7 -55 60 81 60 63 7 -76 
100 39 9 79 44 -67 81 -78 13 55 52 -86 -8 -20 -80 -25 -53 57 77 -26 31 -19 10 19 -61 -28 17 96 -16 7 89 -33 -9 62 49 -91 96 89 30 -95 80 42 29 -47 51 19 82 -32 -91 68 50 -17 -76 18 86 -68 26 50 -84 -7 63 -33 -17 -65 -44 -1 -45 
-75 -82 37 67 26 91 77 44 60 33 100 -76 -40 93 33 7 33 81 -82 -58 -76 -64 56 -58 -73 93 -89 6 65 -62 -34 -13 -50 -1 5 7 -57 -41 28 38 -65 -44 -70 1 -76 6 -57 -60 7 22 52 5 -99 -25 97 100 -34 70 -65 97 -10 54 55 -88 -89 -75 -49 
-71 -78 78 -48 -29 -10 18 -82 -29 4 11 -29 63 98 81 -70 23 -28 51 92 -26 18 72 41 -57 -78 -46 -12 51 0 -62 -59 -82 -76 -64 -73 -24 7 7 -90 76 -75 -1 22 68 33 -6 52 -51 -54 79 41 -17 -41 56 -40 -51 37 -24 -16 17 69 72 12 -89 -28 27 
