92
-97 -98 45 -18 29 -59 -93 -55 -100 -15 -81 90 -7 -17 76 -22 24 -8 -68 16 56 63 -79 61 0 58 -79 -45 83 52 -98 -18 31 29 -32 -41 36 0 33 -11 100 -5 -80 -23 -92 85 -70 100 -35 -14 11 -65 -78 -20 49 -1 -30 22 9 40 57 -36 -53 -77 1 56 -7 -96 83 62 -10 -91 -35 8 -50 56 66 -79 -70 -43 -70 -85 72 -2 2 -91 -10 23 -91 98 -29 -98 
-46 -67 -97 -46 81 -69 50 -32 77 38 -78 -27 34 77 26 -85 55 83 10 -34 -77 90 73 -64 -76 54 81 -28 -79 -36 -7 93 98 -51 -8 -68 -30 68 65 46 70 59 -21 -46 53 -83 -10 -47 33 -18 -44 -88 80 -87 81 -6 83 71 58 33 -23 15 44 -7 -52 -96 -58 44 -59 -98 90 -82 72 35 -65 54 -84 2 57 -66 -38 -3 4 67 -29 80 -62 -63 38 0 30 -2 
14 -60 3 -85 -80 31 95 -30 -5 35 43 99 -33 92 52 -20 89 79 -82 -90 -69 43 -4 -63 -13 89 -31 -46 -16 12 -12 -79 34 -98 -57 9 -56 68 -72 31 8 96 -51 2 30 -36 -95 -66 97 90 97 -67 -29 16 46 94 -79 15 -30 -50 -24 25 62 -33 39 55 2 95 18 -90 89 36 -63 -85 -10 -98 -80 51 -93 18 -38 68 -84 -58 100 -31 -56 -14 90 -25 98 -2 
-63 -42 -74 -33 -65 -46 -68 62 -73 -54 21 36 -15 -35 57 72 -81 -87 -81 64 95 -16 32 20 -64 -58 40 -58 60 -49 67 76 -33 -40 69 1 54 -23 -62 9 -40 -81 -5 -24 -5 63 69 98 -68 72 -11 31 -37 63 65 79 -88 -2 98 0 -7 40 26 -41 -86 -59 -74 -52 -85 -23 3 98 74 -35 11 100 -64 -8 -67 -78 -27 92 64 -98 64 94 -4 -99 95 0 57 -1 
8 27 65 50 6 6 -50 -20 -93 20 54 13 -67 7 18 -66 12 64 65 44 89 -46 -40 91 -97 12 88 36 70 -83 -83 -22 -55 -66 -53 30 64 -55 39 -17 77 54 7 12 -90 -71 -67 8 58 45 -52 -78 57 -56 60 46 -23 10 55 -83 58 94 -58 -12 68 96 90 52 56 20 2 97 -5 9 -12 47 -9 42 -50 55 -66 -94 -66 -73 -88 65 90 51 93 10 -55 -77 
-5 60 39 -12 2 45 -27 45 -39 -91 -99 45 88 61 -93 4 -56 85 -26 -57 27 -9 49 -30 38 88 -77 50 51 -95 -13 5 50 -31 -82 -81 -86 -49 -85 -22 -63 -9 -75 24 -77 -4 -45 67 68 12 -91 -93 67 100 -64 43 -40 71 -9 -1 91 -58 48 98 41 -30 80 30 79 -46 -46 85 -86 -14 50 -32 73 98 95 25 -59 84 14 96 43 43 28 78 -78 -52 6 87 
85 -36 92 -36 83 55 -43 58 49 25 -1 -86 -82 -13 -99 3 37 89 -39 -57 -27 22 91 -40 -20 13 -89 -50 34 51 81 16 100 67 -51 30 -88 12 10 43 -2 -94 -9 16 22 -21 62 27 -56 22 5 -75 27 -1 -35 -68 68 84 99 60 9 31 -37 10 1 51 71 82 92 -95 36 53 50 26 0 11 -40 37 31 80 -80 14 75 -66 76 -26 -78 62 -94 -83 -1 62 
91 44 -52 77 29 -54 0 -38 86 -69 -84 -35 34 99 -56 -98 -6 -64 -39 23 18 29 -16 59 52 38 58 -78 -19 61 -26 -25 17 -26 17 -20 -64 47 66 15 -94 -12 92 -51 -9 51 42 -71 57 -44 36 -33 87 -100 -54 21 0 99 90 -55 -51 -79 87 94 34 -31 -49 -37 -63 31 -92 18 82 8 -99 69 27 -34 66 -36 28 -84 30 -56 30 -83 40 -12 17 -38 -19 -93 
4 -57 -5 -22 29 -83 98 -70 -85 -33 -87 -78 64 -40 -33 30 84 24 -80 -8 -16 78 5 -91 -19 10 -61 78 -33 -62 35 -19 -66 83 85 90 10 -48 28 -80 -25 53 -9 -16 81 78 51 -35 -66 38 -13 -100 -100 56 -96 -88 26 -34 59 -94 82 46 -42 -54 -58 85 79 4 27 -21 -39 -71 -81 96 85 44 31 -16 59 94 -81 67 -9 23 -72 19 81 -82 39 45 31 79 
63 -31 54 -100 66 85 -72 -50 -3 -36 55 90 29 40 -84 -25 -7 -33 16 41 48 37 -64 -94 -66 -25 -3 71 95 -85 5 -21 80 41 -54 -60 15 45 11 13 -64 0 -37 86 -62 98 -60 31 -5 76 31 -53 -13 17 46 90 -29 -53 78 -69 -81 -82 -9 35 26 80 27 42 68 73 -70 32 -30 89 5 -49 -99 -77 19 -51 17 48 -79 84 27 -94 31 -38 -97 -36 5 22 
47 -87 54 -20 80 0 -9 -30 -85 -65 98 91 46 -56 -77 78 13 19 32 76 16 -73 27 93 -66 15 42 0 -21 2 11 -12 36 -20 -59 54 -81 3 -29 10 -56 53 -50 -1 51 -68 48 -39 -62 22 56 -28 72 18 -11 -7 -26 79 -98 98 -62 -79 -88 -38 -13 -57 -24 -17 -58 -17 -14 -45 61 5 75 -69 52 20 -28 0 -71 46 66 -8 82 10 -1 39 -84 -63 -78 2 
-36 32 -79 -10 -89 57 -68 -60 -18 89 61 -39 91 -21 -57 -31 59 50 -88 1 29 43 -72 -98 -45 84 85 77 55 51 0 61 76 -93 -45 35 -1 13 90 0 21 18 -56 -66 90 75 21 30 60 -44 69 -80 87 -30 -54 28 -93 -31 78 -19 -53 97 16 -91 66 82 -59 5 73 -34 -41 19 3 -37 0 -96 45 -28 -6 12 68 71 53 -85 -71 -8 -7 51 -77 60 -39 63 
59 76 4 8 46 77 3 -12 -49 -64 85 71 -4 30 84 48 9 77 18 -4 5 -76 11 -11 20 87 -29 -79 -31 -36 -7 72 -61 16 -22 -30 33 -67 31 -8 -16 24 3 -60 49 -47 -68 -13 33 -86 -69 25 -40 -86 46 21 92 -77 -66 76 -68 59 -82 -14 -37 60 80 -91 -88 85 -38 53 42 73 -27 -62 -38 81 -17 17 -39 -1 30 0 -58 17 36 37 -57 54 -49 92 
91 41 31 -74 -14 7 -7 -84 -80 -16 11 -4 -85 53 -30 85 -20 -89 -17 28 57 8 -9 72 -53 61 -87 85 -88 0 79 -39 -74 -56 16 77 -19 72 -82 -38 48 -63 -53 -29 85 5 91 -46 22 -82 44 -16 -18 49 -18 71 20 -3 69 -36 39 79 0 -38 -5 40 86 99 -43 -10 4 29 14 56 13 59 48 92 43 19 -7 19 -12 83 50 -35 63 12 33 5 15 -28 
-97 -27 -10 -71 26 -16 -84 -68 -95 -96 74 -69 -31 34 -44 8 90 27 -19 4 88 59 76 11 -16 -27 -73 -89 35 -9 -85 -93 60 -20 -86 -71 84 -21 -29 -60 64 35 28 62 -42 73 -56 7 -89 -52 -59 -43 -22 30 100 -67 82 -93 91 18 -71 -74 90 86 -66 -2 97 61 -29 46 46 -58 -71 -14 -98 -25 -22 89 -97 -97 -5 34 38 58 -5 -8 -55 -29 -96 42 30 30 
-79 -77 -85 19 13 35 93 -53 29 -69 -91 -21 91 4 -29 -45 82 -78 -72 41 11 -30 -56 51 82 -79 -80 -50 90 45 63 -73 44 -25 -25 74 65 2 -54 -52 25 -92 -48 -18 -16 -65 -23 -31 -96 -61 38 -83 64 76 -28 -96 -38 -74 11 -93 -34 -71 50 3 -30 87 12 80 -32 85 -55 96 -65 -99 -30 59 13 70 -19 68 24 -38 -43 -22 53 -25 93 59 17 -85 -45 -48 
-54 28 -40 26 97 -42 -39 80 -19 40 63 33 -21 17 50 17 53 -6 83 -81 -20 -94 35 -52 4 -31 18 23 -91 57 58 -83 -72 82 -79 6 -2 40 27 66 -92 -71 62 -38 -77 -21 46 -27 1 -16 -27 23 -37 -75 69 92 -17 -9 81 -47 -40 -8 67 67 85 -81 31 -92 -26 -93 -74 65 89 -53 33 -8 32 62 43 10 -13 98 -48 -25 -80 74 -97 49 11 15 -26 76 
49 -5 -6 -15 -33 9 -57 49 -62 -97 -31 37 -20 -30 -73 -56 33 83 75 -68 -2 58 -38 -51 2 -88 52 51 -28 28 -96 78 -84 72 52 -54 -35 97 11 23 45 -27 70 78 67 -5 96 68 94 -46 -92 -8 -58 58 -39 72 -90 58 85 72 75 -87 -57 -16 -19 47 -57 94 -2 4 -24 -90 100 -18 71 -61 23 100 -78 84 64 68 24 53 37 -8 28 39 36 -57 -17 50 
-12 -72 -83 100 -36 0 68 -72 -90 -18 79 94 -48 95 -74 -27 -40 66 44 -50 10 97 59 31 77 12 18 -74 -65 -41 81 93 -48 -32 86 88 10 -93 32 3 -46 21 65 -16 88 -38 -18 69 -83 38 -53 56 -34 83 -65 -63 28 -92 17 -15 -66 13 79 5 -22 -44 -60 -95 0 22 -86 -44 -29 59 95 -71 73 -96 -81 -46 -17 7 -49 77 -40 38 95 24 -61 -15 26 -35 
68 -10 62 2 32 98 -74 -18 13 27 -56 -56 8 -55 -33 -98 57 -54 -65 68 98 65 70 45 -67 -23 -86 14 26 83 -45 -45 -32 -96 -59 33 -89 -79 -64 73 50 -14 94 50 66 -48 52 -26 37 -25 71 -68 29 -48 -57 -19 -52 17 59 82 86 48 -79 -81 20 35 7 28 80 79 55 -43 -14 10 42 64 43 39 94 66 60 -21 75 -38 -76 41 -9 29 66 58 80 62 
34 -41 -41 6 33 54 44 46 70 5 -33 -69 85 -58 19 21 -30 82 -2 -83 0 16 -26 92 -19 3 -66 42 46 -21 -47 -29 20 30 10 74 -53 -95 -14 22 4 -16 85 82 -99 90 -62 -9 6 78 31 -10 -1 -59 -35 -45 4 26 22 -49 87 34 81 -83 65 9 25 -54 83 -98 60 29 72 -91 93 -95 -17 -91 -47 65 -86 -49 10 -16 18 20 17 -2 16 -79 54 48 
64 56 -39 73 -50 87 48 99 50 -51 92 -60 56 56 37 -54 27 19 56 86 -45 37 17 97 65 35 20 21 58 -84 60 35 65 -67 -87 -83 42 35 45 56 -33 -34 99 -70 -25 -69 -85 64 -89 77 89 -99 -36 49 23 -99 96 -29 -8 73 -91 -17 17 -71 -41 -87 -46 -76 -97 -88 50 -79 -81 -59 -16 -95 -96 75 -26 96 -67 72 -68 79 35 4 51 -42 25 -80 -70 87 
-13 -19 27 -13 -29 -53 17 50 70 -96 -66 11 -52 -76 59 9 -8 9 -16 -53 -30 18 65 -14 53 -19 -93 -25 87 -97 -93 -40 -97 0 20 27 -64 -81 -92 -34 -82 -96 58 93 -11 -66 -2 -95 8 -49 -2 -32 -71 -42 63 10 97 -88 -75 -47 -34 18 59 87 74 31 -23 -71 -55 64 -23 -74 49 70 -84 87 18 -97 21 -49 -93 -100 -62 81 7 55 51 -50 70 30 76 -32 
-54 10 -91 -66 -63 39 93 55 -17 21 -39 100 -69 16 -81 -8 96 -69 -70 -70 -69 -53 -75 -78 -82 57 -68 55 -54 85 99 12 -77 4 -90 -21 -24 -52 -35 45 44 -77 -10 -53 72 -71 -35 45 0 38 14 -84 -55 -12 -88 -28 -72 -28 69 -64 -80 -25 14 81 -97 -70 -66 31 -15 -93 72 -37 100 -56 -18 84 -26 -8 70 -34 75 -73 95 -24 62 10 94 96 67 -68 -8 31 
-15 -12 -23 26 49 53 -24 89 -39 59 89 35 83 46 -30 -56 22 100 -40 8 34 -64 25 -55 18 55 -71 38 -50 -60 -97 -47 -100 43 -86 53 5 -67 -46 -26 39 25 57 55 -25 -100 27 0 7 -33 -32 14 61 45 73 -1 -27 -7 25 56 -57 -39 75 62 76 17 -64 51 -21 -15 20 -4 -64 -63 49 84 -69 -49 -75 -39 -15 -92 26 98 21 -31 -7 94 -44 95 -67 -93 
12 -47 98 -50 -53 17 -31 -51 -87 97 34 -25 -86 -17 -23 -2 -64 98 -38 -11 -81 50 68 -30 16 -50 -86 -33 -91 -8 -11 23 -11 10 -46 -66 -47 -86 57 -81 65 -14 -78 43 83 -29 -37 -18 -48 89 -33 -12 -38 -82 -92 1 -49 -66 -49 25 -50 30 -73 -97 -19 -48 -95 59 -37 84 68 71 -40 -38 -56 89 3 -4 10 -84 83 67 -26 -26 85 74 -65 -18 -74 -76 34 6 
34 3 47 -68 59 -47 -40 -23 16 82 -15 -94 98 10 -62 -96 -22 -14 -87 -51 38 8 -21 81 -69 -20 -73 56 4 54 -73 94 17 88 -61 94 19 47 -53 32 -94 98 79 -55 -33 -21 26 -30 -42 -94 -33 -30 -16 7 60 -79 -42 98 67 97 -73 66 35 -3 40 -33 67 48 27 -90 -98 4 91 -92 -29 -10 -93 32 -76 59 -61 99 -45 -89 -82 -72 51 -80 80 -41 -97 72 
74 45 -88 -82 13 37 -29 -25 -37 73 -38 65 -2 59 35 -3 -96 32 84 -66 -24 -41 -41 -92 -94 30 12 -49 -34 -72 88 -21 98 66 -8 -47 -25 -37 1 67 29 97 -60 -77 26 94 -29 97 -85 53 12 -8 82 -32 -62 -23 -100 78 -42 -56 1 54 71 -90 -42 -32 3 -7 16 52 100 -50 87 -66 -45 -57 95 -37 -20 -64 22 28 1 -34 -13 -67 -57 37 33 -61 32 14 
80 -72 -13 33 -86 37 -3 89 69 97 -18 -70 -12 -11 -47 87 -44 74 -13 91 -49 50 74 78 41 89 52 -53 84 0 -44 12 -100 34 96 84 6 -10 23 58 -72 -68 -36 -12 35 -28 69 20 44 27 -48 7 94 -44 -63 86 90 52 95 -70 46 96 -23 -35 -59 -9 2 -99 -77 -45 82 3 0 -60 -28 -35 -67 54 2 -77 70 11 -21 -4 -26 -12 67 -6 35 -82 -53 10 
-18 56 31 -69 -96 -86 76 -89 57 60 -23 -98 26 -19 -40 -61 -55 74 88 9 -67 5 32 7 11 39 8 94 80 59 41 -4 80 -56 -61 -7 35 42 -99 19 79 -12 -65 -8 -92 -23 -44 38 -56 98 -19 4 22 6 -64 -35 7 94 66 33 -25 -45 -82 -80 -91 -98 -90 66 34 -29 -78 -45 -74 10 -87 -85 -63 -99 -74 -57 44 1 86 97 -53 -20 38 -86 -66 61 -84 -3 
-70 2 17 73 70 -44 56 12 -16 54 0 -49 89 94 3 -55 41 78 -99 -27 -77 -41 69 -53 -52 56 -20 -10 -58 -17 80 55 25 50 -74 55 -36 -80 -34 74 -93 -70 -86 0 -68 -67 -27 -4 41 -58 10 -6 53 -53 43 73 30 -82 29 34 -52 52 -51 -61 36 64 9 -54 55 -23 19 -45 4 -47 56 -1 -85 38 -14 -56 -74 -47 -93 -91 -47 -49 -67 -90 -59 -59 -56 -53 
-24 3 -20 -32 -12 -29 71 60 -48 -83 29 -63 86 -17 24 -30 -74 -8 22 56 -7 -94 -91 10 13 9 -79 16 86 8 -83 90 -76 44 -75 61 -67 32 43 89 -90 32 -26 97 93 2 -12 3 -80 17 -84 -39 2 55 98 29 -49 55 50 78 -27 -87 -5 -11 62 -44 -89 29 97 -77 11 -49 95 43 -39 -90 81 -11 88 -88 -3 -61 -80 -30 41 -9 66 -46 -100 64 76 -65 
72 25 -53 -70 14 -5 -28 37 -91 47 -15 -13 10 -60 12 -9 50 -1 -50 76 -94 -75 -62 -11 -2 -26 91 57 -90 82 -53 66 -75 36 -76 54 -49 32 -3 15 -93 86 81 -25 -19 -29 -78 40 -35 -96 24 65 -85 -1 52 77 -61 15 74 -73 26 26 51 79 -27 25 -19 94 23 -14 -10 -34 45 33 57 -77 -56 40 -92 -13 85 36 83 -45 0 30 43 89 88 41 79 17 
6 0 83 79 -77 100 86 49 -12 -31 -62 87 -73 80 -57 12 -18 -85 55 57 79 26 2 81 81 -40 22 -32 94 13 -44 0 -33 -58 76 -51 29 50 -89 66 18 -45 18 37 -16 -98 -87 72 90 -18 28 89 98 10 -50 27 -100 56 62 69 -53 32 -94 -32 -55 -40 -61 48 17 29 70 94 85 11 41 54 57 81 47 79 82 -24 23 -64 -75 -61 17 31 71 48 9 -1 
74 -97 45 -77 -63 76 90 12 -99 -92 26 9 -38 51 -76 95 -4 86 32 -54 3 -18 -46 -14 66 -43 92 69 -3 -12 -95 35 51 32 93 -57 -83 45 -67 -37 43 34 -54 68 98 -86 16 -7 29 70 71 70 90 69 11 22 -89 99 -97 -83 14 59 -55 -73 -55 37 -21 6 4 -85 26 68 -16 60 43 -38 79 -47 37 82 55 -1 8 97 -12 50 -71 -36 -46 53 26 -20 
-21 -13 -8 66 -82 -6 -100 85 -12 -48 100 41 56 98 -33 -92 -60 35 -58 -31 11 -46 -18 -74 0 -40 0 -6 -34 5 -27 -6 -28 40 83 14 93 7 82 21 -47 28 -37 -48 61 98 -24 -41 -81 -20 -3 -2 47 -65 29 98 -99 -60 65 -88 13 6 19 -7 -14 -11 7 -93 -6 91 1 -64 74 -1 -28 44 -2 -70 84 -51 37 -15 -100 -95 -76 -3 -76 -90 -77 30 20 -51 
-94 63 16 -65 -3 41 -57 58 41 -73 98 27 58 41 -19 60 -60 42 -18 10 -69 -22 -12 50 83 72 70 0 29 41 71 92 65 56 -99 -63 -96 55 -43 -75 48 47 -14 7 90 72 33 -94 -54 36 -1 72 97 -13 -22 -16 57 -71 82 72 -39 68 5 -2 -31 -77 -48 35 7 43 27 63 61 12 22 70 -98 3 -2 79 64 -9 97 -38 85 -19 86 -94 81 -66 68 -33 
-96 -72 18 -36 -52 96 30 -10 -60 -73 -39 57 1 -89 -42 -35 -45 -22 -35 -25 -62 -65 -56 22 -15 38 20 68 64 -19 75 49 -9 45 59 30 -78 -56 31 -41 -63 -18 -45 -70 55 12 -46 -10 20 -83 63 17 19 50 -93 -4 31 23 -35 -39 47 -39 23 35 88 15 -42 40 -1 -44 21 -21 -53 80 -63 76 55 34 -4 32 -89 -45 32 -74 -47 95 95 78 -63 -86 -93 -69 
-47 38 -62 -76 24 -17 50 -100 -10 30 -6 10 7 0 -81 -17 -63 -41 -89 -27 -31 89 82 14 -80 -52 -37 8 22 -61 -74 -80 68 37 85 -70 -83 58 78 26 9 -25 97 97 -12 -7 -38 -4 -27 -85 -78 78 -89 41 68 29 85 1 -59 45 -90 -57 -60 -40 -35 -33 -69 32 -75 23 -98 26 74 -96 -45 -93 -33 -60 94 -25 66 63 21 73 60 -79 -4 82 42 73 40 55 
-12 51 -24 -5 -15 48 -3 63 100 -32 65 22 33 -1 20 70 62 60 86 -67 31 -86 -51 94 34 -45 16 0 -6 11 -12 28 -42 -59 100 85 -100 -50 7 49 52 79 13 70 -13 19 63 -12 46 -75 44 13 -48 -47 -43 -62 -84 -42 47 53 34 -93 43 51 64 -76 -65 -8 83 2 -91 -67 89 -45 -53 -96 38 -46 60 86 30 82 -43 35 16 65 18 -99 44 -25 5 72 
48 -47 -76 -72 74 23 -60 -36 -9 42 -18 29 -65 -68 -91 -26 15 65 9 53 -8 5 -73 94 99 -58 -52 -38 -20 62 91 -73 59 63 89 6 -95 74 46 71 -33 47 57 -78 -2 -98 94 -89 92 5 -85 -22 28 -74 33 -41 26 8 42 91 -97 19 92 -61 -30 -49 42 -60 25 62 24 34 61 83 -30 -58 61 26 -6 -24 -24 -76 -68 11 0 64 -84 -21 -92 -50 -79 30 
-56 46 -1 3 -32 89 -87 72 -43 64 -33 49 45 -34 20 83 63 19 -51 -28 79 -37 50 76 12 -2 -81 -58 13 -61 -20 -35 96 100 -84 20 33 72 -10 -90 -24 52 -68 77 -81 -54 59 -31 48 32 -34 47 8 -92 -46 -8 83 74 80 14 -29 -39 44 51 5 -35 -20 16 14 -97 -94 99 42 -59 0 47 1 -79 -93 16 96 43 -63 18 39 88 -3 -58 -15 44 -35 86 
75 66 71 -100 56 96 1 46 15 81 -18 20 52 20 69 -23 58 40 25 -13 -24 72 56 100 24 -23 -72 3 -81 -4 -79 -32 91 -87 59 -80 56 20 -70 29 -47 -84 70 20 -73 -70 43 87 -49 -14 86 -36 96 53 82 80 32 5 -43 5 27 62 -86 76 -51 0 14 -88 -11 -11 -26 19 2 -2 15 79 22 -26 47 18 -39 -96 99 57 44 71 -13 69 -29 -72 -32 7 
-15 32 93 85 2 -48 -66 75 44 99 7 95 -60 -62 14 61 -88 -40 -34 -74 -62 -83 -78 -78 39 48 -59 -91 16 57 -16 -88 -11 -37 8 76 -47 -78 -31 -95 27 -78 29 -67 52 24 -33 -29 -68 19 -58 -98 -91 68 58 50 68 73 -88 -74 18 81 -55 -96 72 -33 49 61 -83 34 63 -24 47 21 79 40 28 -70 -3 26 -18 46 -37 -89 -24 -22 14 -93 -86 60 40 46 
25 -9 -38 64 29 79 35 -6 -63 -15 92 -69 -1 83 38 -31 -73 -56 -51 68 -74 -9 62 -41 -94 -52 88 -4 19 0 87 94 -100 -98 -36 -26 15 69 58 -24 81 -41 -20 -51 -38 87 -55 4 33 -39 -81 98 91 75 -26 -92 -82 -13 76 88 -46 54 57 73 -98 81 62 -83 -53 44 32 83 68 -15 -7 -10 -42 -86 -76 60 -70 97 -69 -95 -29 -30 29 -14 -54 8 -98 88 
47 59 -72 85 -38 -29 58 31 29 -83 -49 -74 33 14 -66 -7 -51 -78 69 0 -16 26 -10 62 -18 67 -94 -79 15 50 -16 -79 -71 31 -20 25 -26 -66 97 -75 -19 6 33 59 11 50 -76 21 -62 37 -14 -83 56 -19 92 -55 47 19 -51 98 -56 34 -6 96 -4 -38 6 -71 -7 -5 43 74 -81 34 67 -10 50 -88 2 50 -46 67 7 95 39 -33 -53 11 16 18 34 25 
-8 -94 -84 33 60 33 -84 -22 1 8 -100 -27 34 -8 -11 -75 -37 69 -70 29 -40 60 55 -44 -19 89 39 87 -60 46 43 -23 -47 -36 17 67 -17 -24 -59 -74 35 -34 0 -82 19 -63 -74 -40 -37 -91 74 -51 -29 71 52 -35 38 -59 -26 -83 -56 20 -11 26 -68 -52 31 65 -69 52 -6 -38 19 -23 58 -33 86 67 28 -74 92 -41 96 -73 -33 22 46 -57 -19 -80 -83 -86 
-37 50 -28 63 77 -88 -34 12 72 -89 44 -61 -72 10 -58 53 -40 -23 -18 -57 96 57 85 55 -43 54 25 -46 -13 -90 22 58 -77 27 30 9 -98 -97 76 -28 48 -57 63 93 92 -64 -96 93 40 -47 75 34 42 -32 -84 -93 14 92 6 42 -59 -3 36 -71 23 -11 -23 91 -15 66 56 -58 66 58 23 -69 46 -3 -34 -15 -16 -45 41 -57 72 -45 -25 53 23 42 -79 53 
-94 -20 13 49 86 69 40 -22 -11 -38 21 -16 22 -2 -87 -22 27 99 31 71 64 -25 37 -88 -89 -98 -20 8 49 -86 -69 -7 -8 -83 55 21 -50 -65 66 45 -2 81 43 59 -62 -82 -28 91 71 73 -73 5 72 96 21 80 -59 55 -59 1 73 -54 -95 32 63 73 -7 -86 31 -20 47 -80 20 30 91 -54 -43 -68 55 -78 5 -6 -81 29 -26 19 43 100 87 -64 98 49 
88 -95 -60 10 36 -6 35 -70 -39 54 -14 26 6 0 2 75 38 74 55 -15 -47 -2 75 -53 -4 91 -39 -97 -23 -9 -31 28 -100 67 12 -42 82 -9 50 -59 -11 -14 -80 73 19 46 -64 22 -82 -56 -59 -58 12 -67 62 -81 43 100 -95 0 15 87 48 -34 -33 60 -35 -47 -98 99 50 80 47 67 -81 19 36 -70 43 -40 -21 -51 93 3 -93 -6 96 82 50 -90 -32 -92 
89 77 -27 47 40 -4 87 -26 -70 -53 37 -78 -50 -94 40 66 -98 -59 27 17 14 -60 -67 6 7 4 34 -64 46 55 81 -12 -88 -98 67 -38 -80 39 -23 -44 -31 88 -40 94 -80 10 84 -4 -98 68 -63 -7 6 42 -52 32 -71 56 -2 97 -39 71 74 63 -90 -86 -40 -60 80 -53 56 -57 -90 21 77 44 87 36 89 20 -68 41 75 -47 -19 -20 53 66 -98 97 27 -45 
61 -96 -11 39 64 33 62 -47 54 30 -9 -7 -63 14 85 19 -58 -36 78 -2 80 -66 -20 -93 -18 -10 -58 -16 -73 -73 87 -73 59 -32 -50 90 67 65 96 73 31 -44 7 92 36 13 10 0 -42 -86 -21 25 58 11 -8 62 -45 -90 -88 -57 84 -60 37 37 -43 35 48 0 67 -44 93 -62 -70 -43 -74 -37 90 -87 52 -5 -21 43 -70 9 -9 -13 57 68 -49 -75 -47 -76 
-54 46 81 91 74 -4 100 45 -28 44 63 53 -15 -47 -54 -27 -87 6 12 -94 61 42 -47 -4 -20 -43 80 10 43 -87 -61 16 -29 -26 -31 87 10 -44 8 100 -7 56 -74 44 91 -72 41 73 -46 -35 -6 -44 0 64 -36 65 -29 -63 35 65 20 49 -36 46 -5 8 54 -68 77 99 80 53 -61 -92 20 -7 -22 -44 54 88 25 11 -62 8 60 -39 64 57 -95 90 0 -20 
-74 12 -72 25 58 2 56 28 -87 -100 -16 -25 17 13 -41 -28 82 -45 81 19 68 -80 -99 1 76 59 50 -4 -33 -9 -65 98 63 -46 -37 26 -68 -87 80 -59 -92 -81 -30 -29 39 70 -98 42 74 60 -24 43 72 -87 -52 -87 -6 -53 -39 38 1 -18 32 -44 -27 -26 -30 85 9 -57 -10 -83 -7 -32 -93 -44 -96 57 -10 92 57 -66 16 -80 52 -32 3 -88 -22 32 -99 3 
-81 19 97 11 -49 -29 21 -64 -49 -75 -20 4 72 -86 68 39 -52 67 19 67 31 -60 95 -66 -82 -54 99 53 12 -1 30 20 79 -89 37 70 -98 -28 -24 10 -60 -44 33 15 66 -6 -62 87 35 -61 39 90 81 44 -82 -65 -70 66 44 29 80 21 -17 -89 -5 66 -61 37 23 -24 -41 54 95 -6 36 -32 80 6 75 70 54 55 -26 88 -43 0 -30 97 23 38 92 11 
50 -45 1 29 53 88 16 39 -40 -99 -34 100 32 13 0 -79 -96 98 59 -73 -92 -29 34 100 -76 -84 29 93 26 29 -6 -48 -35 4 -28 -18 -52 24 54 -80 78 -64 61 71 -7 59 31 -62 -44 90 12 59 0 80 -14 -25 -52 -54 57 -40 -18 -95 -43 55 76 45 3 4 21 73 79 94 38 -46 57 -97 31 -98 8 79 -96 20 43 84 -65 91 -42 -93 -34 95 47 -71 
-63 22 53 48 17 -99 -22 -5 -7 20 0 23 -81 0 77 -24 37 14 -11 15 49 19 -60 -51 -41 -71 90 -42 -76 -19 -34 37 99 -13 -80 42 80 26 -80 21 54 -78 -3 -20 12 -92 -49 17 -19 64 -74 -93 -84 95 -20 -54 38 -72 44 66 -21 73 -93 82 64 26 47 -68 65 -92 98 69 -66 88 -28 49 66 -6 -2 -49 -13 6 27 -5 18 100 -76 76 -8 71 -51 0 
57 25 32 41 -48 61 96 -51 20 -33 72 4 34 -6 20 -37 100 -71 -69 48 -41 61 -28 -77 -7 -76 -9 -7 -19 -2 78 -75 -34 6 5 -67 -79 -99 57 -93 34 36 95 77 10 26 -32 -95 86 69 -79 31 -14 79 78 78 -55 18 51 7 -70 8 -38 38 -16 41 -92 72 26 -77 -11 -90 -97 7 -30 86 49 34 -12 -95 -30 -34 -93 -33 -5 12 -81 65 -92 -64 -62 -58 
-90 -7 -59 -8 47 7 80 92 77 57 -52 -8 39 84 36 74 36 -31 -60 40 -14 -92 -73 81 -77 -94 37 -21 80 19 87 14 10 93 42 -99 99 69 59 82 12 27 75 26 -18 96 -16 -54 -51 -46 21 94 -52 81 20 -73 -63 -46 88 -86 8 0 69 25 -65 20 -100 47 37 -87 63 30 3 11 22 47 49 42 -52 50 -90 -14 17 -25 83 -9 -63 34 6 41 -37 -35 
-95 59 -66 25 30 -2 -72 44 44 71 77 -16 61 100 -59 -10 80 -93 9 -79 24 63 -63 84 88 -76 -36 38 -16 -67 35 -48 24 34 -82 30 -55 81 40 100 -57 -71 -86 2 71 81 -39 38 -69 -43 -88 -57 27 -28 -22 28 11 19 30 -2 -2 33 88 -69 46 74 75 71 99 -87 -35 -6 -54 50 85 4 96 67 92 -71 -45 -89 35 -93 23 99 -100 -24 99 5 -42 41 
-41 95 -14 -26 -92 -50 -55 -60 -26 -57 58 -19 -77 41 -67 51 64 72 -45 -58 56 41 6 -39 62 -31 56 71 -44 -59 21 89 -41 52 73 -46 92 91 19 -36 57 91 -4 -26 -82 -62 -87 -77 26 -83 24 42 -88 78 -63 -43 35 -59 -30 100 -61 -43 62 19 84 22 34 5 21 24 7 -3 -4 25 -63 -48 -96 -94 30 -55 -72 14 -64 21 -16 -23 -100 -76 65 -87 81 67 
9 -54 -62 40 85 93 80 -48 -37 -43 36 -78 -40 51 6 -12 -95 51 20 6 12 -60 -55 -40 31 -39 -13 -81 -86 92 84 -80 73 70 -72 -54 -12 -56 -5 -72 -56 29 -94 58 44 43 -100 -71 12 0 34 49 95 13 -14 -62 2 -44 -68 -60 22 88 -31 31 -91 -69 45 -58 94 -6 46 73 64 -22 61 -1 23 31 81 -33 18 22 88 4 -9 26 -87 -11 53 -61 -10 87 
12 -50 80 8 6 43 -42 4 -16 93 86 44 -39 7 -32 -69 20 -17 -56 73 -53 91 92 -68 42 15 78 34 -54 -15 -45 33 73 -64 -23 -32 -88 -50 -30 -63 -17 -89 -23 -27 -56 75 -74 -98 42 -89 -47 -44 -60 -79 -4 53 -41 34 -95 98 78 24 -66 83 62 94 50 -31 -2 -45 -33 33 -91 63 27 -78 42 -83 -100 -92 96 66 90 68 -73 45 47 -71 21 -32 99 -71 
-33 47 -3 90 33 37 -9 11 86 78 -12 -23 -42 -99 -26 -80 7 -68 14 -43 -23 17 53 38 58 75 -35 -34 -4 93 -67 -70 84 -69 78 -43 22 88 -63 45 56 -82 25 -32 75 -87 -70 -3 -41 -2 -51 41 6 -23 80 97 -82 44 -66 -48 22 71 80 -71 -65 -40 58 -24 4 98 -81 94 -11 -27 12 -10 -72 68 -31 87 -70 31 66 34 -28 -31 80 -69 -84 -89 -79 53 
17 35 -25 -79 34 -22 19 -26 55 -52 -15 81 -33 20 79 18 93 -85 -33 -13 42 -29 79 -88 -67 76 -26 35 -4 56 9 -86 -10 99 10 13 -69 -84 57 69 -45 -68 79 -90 14 -27 38 0 52 84 -95 -93 30 -35 71 -90 45 70 93 -44 -25 -21 62 -90 2 71 -89 29 17 -79 66 -99 -56 -68 -64 -26 0 14 61 14 -60 29 53 17 44 30 -26 -83 -24 39 39 61 
-56 -27 89 48 -19 72 -93 16 -33 3 -95 43 34 -40 -4 -8 -92 -18 49 -56 -30 -74 -29 55 48 -6 93 -47 71 -33 -26 89 -31 -86 -50 88 -56 66 10 7 97 31 -40 -28 82 100 -63 31 -47 -26 -46 -62 -40 -42 -88 -29 15 27 -36 57 -40 62 -24 -69 -41 55 62 13 55 -53 -31 59 -31 -9 97 -34 3 98 17 -8 -77 78 80 30 -58 17 -41 -28 -71 -14 98 -45 
37 15 -25 95 44 -86 55 -20 -17 4 -13 48 6 45 34 62 0 36 -48 0 -2 33 -75 -3 13 -64 -19 -81 82 -69 13 -86 -72 4 -32 19 -51 15 -94 -18 -16 80 79 18 81 9 91 -11 27 -75 0 -55 -99 11 -53 44 45 4 92 -32 32 -62 96 -69 -11 95 -23 69 41 68 -99 71 -67 35 -36 -76 -92 87 -97 -46 45 -74 92 51 -79 88 85 71 96 -74 -5 17 
85 92 70 22 -79 96 21 -76 14 -89 9 94 29 -24 83 18 -43 2 96 55 14 86 -26 41 -86 -71 -70 86 32 31 95 65 58 -86 -51 50 -94 -45 -15 -16 34 -17 5 42 39 -87 -42 -18 89 -97 62 -38 91 -65 100 -69 23 -67 30 22 17 -9 15 -42 -21 -11 -65 -92 -30 18 2 65 30 -37 39 -10 15 -63 79 -80 3 -88 -95 -43 14 -81 75 -76 96 -61 51 82 
-52 71 54 73 47 -12 68 -98 10 -44 20 -66 77 -20 -43 -62 -91 0 -34 0 -10 18 -47 -1 32 48 -3 -47 -40 -2 -8 -28 87 -36 13 -28 86 -24 -42 -55 -31 -44 73 19 9 21 -13 45 -98 -11 54 33 4 -70 8 -87 0 -26 -46 48 68 -14 -94 -53 -51 -48 -21 -46 -92 -47 -89 -90 -84 48 37 25 84 48 -26 23 90 21 3 -90 14 -72 -37 75 4 2 40 74 
-52 72 89 28 56 10 -53 -31 49 70 -14 19 79 -6 -72 -89 -9 97 9 45 13 -3 92 -37 67 -82 -65 -59 0 -53 82 30 -94 33 98 -13 -9 40 61 -1 -35 -85 -92 -3 7 8 -17 27 -71 -59 -64 46 51 -9 24 1 -73 34 15 5 21 -93 35 -31 68 -67 -75 0 -81 -71 -89 -92 48 -2 3 -79 -32 -4 -25 -71 69 7 -64 0 95 91 -27 -55 -70 67 10 -27 
5 -36 -13 49 -14 27 41 -60 -36 55 94 37 -33 50 18 -34 5 80 -11 -53 2 42 56 30 -69 -84 67 53 69 78 99 -57 100 50 -17 98 33 30 -91 -72 4 17 79 -54 -56 72 -6 -99 -78 -73 46 1 -7 8 -91 -55 70 16 6 -27 -66 -28 81 18 8 80 -38 -56 -3 -9 72 -24 28 -29 -55 6 -76 -35 41 -93 -56 -91 -74 21 -99 -76 -65 57 49 -49 -57 -87 
-21 1 90 50 89 10 -16 3 16 -4 -72 -93 -45 -37 5 -3 -75 -93 -1 62 2 -70 -64 41 -95 68 -27 58 -90 33 -12 -4 -31 44 83 -34 -100 -91 -94 23 63 67 74 -35 63 68 64 16 16 -36 -93 99 82 89 -68 -83 72 71 -31 -17 12 40 -96 -10 -77 -27 50 -57 -69 -33 46 97 -91 -61 -58 18 -57 90 -87 -47 -6 -59 81 25 -63 50 -91 -26 -14 11 -30 32 
28 -24 26 35 -46 -16 94 -78 -72 -21 -92 18 -30 64 79 -18 31 74 91 -84 53 0 23 -21 -82 -85 20 92 -86 -83 -17 88 -84 -28 78 -19 -99 76 51 -54 -63 26 62 64 45 35 -36 59 -98 -43 35 -14 -2 73 -74 -3 -74 69 76 -74 48 0 -96 -68 18 90 35 68 1 74 16 40 -38 -33 -78 49 91 30 44 72 16 14 -17 17 7 -13 28 77 35 50 -18 33 
80 -1 46 83 25 -69 55 67 -55 23 62 36 95 -37 -54 -95 53 98 -90 -72 -45 68 -38 47 -17 -5 47 100 -72 -90 78 72 -1 96 25 -50 -66 -32 -82 -54 92 2 -64 -93 47 83 40 -80 100 44 -14 -64 -15 8 48 -8 80 60 -70 -1 86 1 58 -98 -3 -49 98 3 1 67 -65 11 81 -92 78 -60 96 23 5 2 42 30 -88 -73 -100 -98 41 3 -98 -92 51 -6 
-68 3 44 28 16 -89 -75 0 -76 27 25 -59 -20 85 -79 79 -69 -74 2 74 45 22 62 36 -40 -64 69 85 -28 30 -49 -23 79 -34 -33 38 -33 -32 -23 -42 26 84 70 -91 -96 -93 0 8 97 -77 65 84 -30 -84 -7 -8 -34 -53 -49 -88 -51 -92 88 -47 2 -54 -92 73 84 54 -65 -55 -67 -23 31 -6 -5 22 62 87 -55 4 15 -68 -96 -100 81 -66 29 12 15 -67 
-23 -68 -69 48 -73 -23 -17 92 32 50 45 -7 52 -85 56 25 -53 -17 76 91 -77 -78 92 39 18 -18 97 -16 30 -19 55 -25 95 -90 -35 39 96 -72 22 -67 0 -35 -35 -41 -1 8 30 2 11 2 42 56 42 -25 -39 72 31 -89 24 19 70 5 97 -10 -87 94 -76 -59 49 0 -100 1 63 -89 -43 50 -91 -22 -79 -6 61 46 -42 13 -85 -26 39 -77 84 -75 -60 -99 
46 -36 -97 66 -78 68 7 -77 25 -62 -68 39 -42 -44 -69 27 4 -96 58 39 -59 78 -56 -75 49 80 -11 0 17 -32 96 38 48 -96 41 85 20 -8 84 52 40 100 65 -37 -35 52 -49 26 -8 30 -13 45 -18 6 52 -21 99 -40 -52 35 85 75 -41 -62 -18 83 -36 93 -87 88 65 96 -26 90 -26 29 85 49 -22 -25 87 -8 -33 -98 -20 28 43 -49 -37 -54 37 14 
70 -39 18 -70 -85 -67 57 29 -13 73 -66 -8 11 -74 -2 100 -58 43 64 -63 -94 90 28 24 33 36 -5 -39 17 -32 -20 15 -58 18 99 -21 -59 -35 -72 -60 -48 -64 -7 99 -93 41 39 -26 -29 4 1 -36 -66 -84 33 79 -77 -69 -4 34 70 83 -36 -2 38 -12 -62 16 49 -76 38 -48 95 -28 37 -100 56 -6 12 -82 -90 95 95 -84 14 -89 -78 -90 -63 -77 -34 41 
-38 88 42 53 -31 -92 -2 37 53 98 -48 -81 1 -24 23 91 -56 -78 8 93 -38 -20 100 -33 -72 -9 51 -56 -86 56 -82 35 -8 -57 94 5 65 -93 -64 -25 -78 -71 84 81 3 -10 66 -80 -55 -30 -81 63 -63 -62 -40 -85 41 -15 -43 61 -48 -86 -95 54 11 -58 -76 59 -74 84 71 -72 -91 85 87 -33 -76 -6 -52 -61 97 -17 -35 -41 36 25 -82 -19 -20 42 94 1 
-33 -44 -85 36 16 -17 -55 -44 -27 48 59 34 -7 -24 69 22 -74 29 -70 -13 -59 85 -93 -25 12 26 56 79 -45 73 -72 -42 -63 -45 4 6 92 -84 -3 2 50 7 59 -78 -1 -41 90 48 -61 96 95 -59 89 -31 -28 9 42 -91 44 -20 -93 40 31 74 92 38 -62 -13 -34 86 -83 24 30 31 42 -98 2 91 27 -21 -80 74 56 85 -98 -33 -90 89 48 89 37 -64 
45 -61 13 -75 60 -27 52 -73 -93 -37 4 4 -16 -49 17 71 43 -68 69 -88 -12 -95 27 40 -21 79 -82 51 -72 97 63 92 -95 -91 34 33 10 -43 -5 13 70 13 -27 76 -12 -40 -56 15 77 -73 -45 94 -97 56 -88 -73 48 93 -67 88 61 -71 90 -93 92 98 -6 -21 0 65 -40 4 1 -36 -24 -68 -13 4 -6 -82 16 -95 -5 -47 -32 39 -93 -43 77 -52 -32 -77 
34 -48 99 -1 -3 0 -73 48 -67 92 -91 -37 42 50 -36 -18 -61 41 74 -60 -54 -10 -86 -50 -55 -38 -54 49 96 17 23 35 36 74 38 93 -50 -25 13 94 -47 -29 -66 -100 -43 -27 -85 38 -46 -2 99 -47 -86 -36 -91 84 -32 27 11 41 95 83 -70 68 16 -77 94 -31 -97 91 26 97 -13 -33 43 73 59 97 -25 -43 -34 -10 -33 -50 58 -2 -36 20 -40 -31 82 73 
-2 95 -23 -33 10 99 39 94 7 93 -27 11 67 -31 -5 20 -71 -63 -64 2 -98 -25 -98 24 24 51 19 -89 -85 -41 1 -45 93 0 -12 35 18 70 69 4 62 60 -40 -97 69 -51 33 10 -40 -15 -14 -76 41 30 -27 98 -72 69 36 -21 23 -62 -58 -84 -28 -5 -18 94 -95 37 32 -9 -82 89 -65 -38 -74 60 23 -17 -26 -100 -45 99 34 0 -20 44 -44 18 21 -86 
57 -80 -94 -42 -41 42 15 94 -25 -40 11 90 40 -47 28 -90 -67 73 70 53 -99 21 39 -55 24 -75 36 72 -1 -21 -42 24 -63 72 84 -26 1 -42 -23 96 27 -70 -62 91 -9 -76 -14 48 -62 -80 19 -93 71 6 4 94 71 66 41 0 -60 -90 -40 -27 64 -57 -68 -73 -83 97 79 -5 78 -34 25 -91 -21 -21 -73 25 -85 37 36 79 8 62 22 -60 -77 -96 7 81 
20 -16 -28 37 8 28 68 64 89 -9 73 2 -23 85 54 -83 30 -31 -55 69 -35 11 95 -91 61 62 49 -61 57 -68 81 -68 7 29 -66 96 1 45 -95 37 -71 -47 84 -1 -19 96 39 28 -32 -92 -91 -70 -31 -43 -70 36 -26 -54 21 -8 43 -81 -55 73 -83 16 40 -95 71 -65 88 -82 -77 64 -39 -5 -18 19 89 85 39 -93 66 -94 -87 -79 20 -71 82 85 -23 -35 
-78 35 14 -57 80 79 -46 75 -61 14 -85 59 7 -93 -50 20 53 20 39 -25 -46 14 33 45 0 -78 -7 -67 42 98 -19 59 26 66 -61 2 18 -57 -68 74 80 22 67 94 82 -33 81 99 -77 -23 -51 97 9 -11 77 -74 7 -10 -69 -93 14 12 41 -5 -46 -63 4 -86 -11 -69 -40 26 -97 -86 -16 -95 -100 -52 36 -61 -20 47 1 14 -7 96 -79 -14 37 94 65 -46 
96 82 -11 47 93 -38 -93 -2 63 44 24 -82 -96 12 -35 21 31 -89 12 96 29 -1 -7 -94 -44 -100 -18 18 -85 71 -9 -26 -86 -56 -59 -98 -88 54 8 49 -27 -25 -31 -82 -93 -58 -45 48 31 -16 -44 40 34 61 -58 24 -70 -34 -5 -11 -86 -49 18 75 86 -98 -45 78 90 -60 -46 -87 2 72 -8 -45 1 -21 42 -39 48 33 31 13 37 81 41 49 -36 44 -29 -67 
-88 69 -79 -10 14 -38 17 87 81 87 -70 -67 19 16 89 46 98 -97 8 91 11 27 -21 -53 -68 -8 87 8 8 -12 90 -40 58 -52 41 2 80 -37 3 -23 48 93 -35 -3 22 -84 82 31 -53 62 27 -87 96 -55 71 0 -25 66 14 60 -40 28 40 -32 65 89 -37 7 98 -88 3 -19 6 -27 -67 24 91 44 100 91 82 -79 88 -9 -34 -62 42 -60 -65 16 71 -64 
-83 23 55 -48 -4 -50 43 95 -87 59 63 83 -87 87 -27 -17 47 -53 38 -55 7 92 70 44 91 -85 87 -93 97 -12 55 10 -34 73 -13 -26 12 -51 20 38 95 -70 -33 -10 -24 -94 -2 -22 -87 -84 -56 7 -15 -36 -28 -87 9 -77 -90 -78 -18 -41 8 -75 38 -15 -39 -98 59 81 45 -73 -22 -76 19 17 -96 98 39 78 -68 -35 -90 40 51 -58 46 54 -96 -92 -74 -13 
-68 -48 41 -73 89 -61 -49 -95 13 26 95 40 26 55 23 95 7 60 93 26 49 76 -8 83 38 46 -94 -69 -53 -73 -54 56 44 6 -62 -61 78 -13 64 -69 37 66 71 -67 28 -90 -86 -50 -92 46 -47 29 2 -63 -61 -63 -55 78 -28 -44 -97 -19 -31 -88 68 -75 6 -12 -41 11 -41 73 -73 -95 100 14 -68 69 -89 -58 61 -85 -18 -21 -53 -37 -36 42 24 -87 34 -68 
1 37 -56 -82 41 -61 17 95 0 33 1 43 -65 -23 -55 -55 21 -79 -94 -31 90 -30 -82 -93 71 -8 -80 -82 -21 4 17 84 -9 49 -65 -58 63 -77 20 100 -46 79 -69 56 -34 22 91 0 -55 67 68 32 65 -23 9 -67 -58 2 96 83 -40 22 64 60 -18 -98 -73 -31 11 0 6 -55 67 12 -76 10 56 100 96 -35 24 89 56 -86 -92 -33 74 81 54 0 -87 -60 
24 -46 25 57 29 -71 93 -87 53 -44 -50 -72 -67 -34 64 -8 -52 100 89 77 47 42 -41 96 7 -31 -50 -41 22 -49 33 -28 -36 95 77 -18 -3 93 -91 24 32 21 62 59 -98 59 -26 -67 83 28 51 -30 -48 32 7 -40 -36 49 -71 -78 71 -93 -4 -18 0 68 64 -40 -72 37 -25 91 46 100 54 51 38 -22 98 -46 61 -21 -27 -5 73 -52 0 54 34 74 84 -76 
