28
-10 72 -16 -10 2 -100 -44 76 23 -51 44 -6 91 55 9 60 -21 -31 -29 -78 32 -1 83 -68 -98 88 13 -77 
-33 -90 -41 14 6 3 20 -5 31 -91 -84 -9 0 91 -54 -90 98 -84 2 17 -54 25 -90 -56 -16 -6 95 -69 
46 14 12 82 -28 43 53 8 74 -69 63 -94 84 -69 2 -1 -41 83 69 -59 -85 61 -51 12 34 -27 -83 -11 
-66 88 15 33 28 94 -56 -80 99 -47 -25 36 -90 -39 -17 36 6 21 -34 45 -78 -62 -98 -4 -79 91 -81 -72 
78 -10 -84 -49 -73 31 -99 82 -52 -17 61 92 82 8 -83 -8 77 49 87 51 27 -40 -77 -4 -63 -21 -23 57 
-41 -50 -15 -79 0 9 -63 39 41 87 -90 69 29 -58 17 50 -46 -66 5 65 16 70 92 45 -62 -34 7 89 
62 -16 -53 -97 91 -84 62 72 50 32 -60 -43 -57 -91 -48 66 100 81 51 -94 81 -16 42 77 -23 -33 57 47 
71 89 -72 82 61 -63 -13 -10 86 -31 -90 28 84 -58 -54 -7 63 -83 -44 -68 13 -45 -52 -76 -56 57 29 -71 
-100 -4 -14 -80 -24 12 18 50 61 -24 -87 6 -84 77 32 -29 3 32 97 -53 83 41 74 94 15 3 64 77 
63 -4 63 12 62 39 -62 6 88 50 -49 -13 -29 4 71 -16 -3 -68 37 53 -39 -67 -9 -49 -100 65 -100 -64 
27 23 96 72 45 12 76 0 18 -47 35 43 -61 16 -20 6 -76 1 -29 40 73 9 49 65 91 2 30 -86 
-61 14 25 -95 -5 66 -17 78 -36 58 72 30 -42 -80 1 -82 37 0 16 86 50 48 13 18 72 -5 -33 72 
11 80 63 -93 50 -7 66 14 -79 -6 72 -90 -29 82 -97 -58 32 -69 -60 -86 -67 -5 65 -76 -66 6 95 53 
70 -42 44 97 -2 -57 82 90 28 16 99 59 58 35 -27 -12 65 51 -82 27 -97 40 28 -77 59 16 -78 47 
-48 -32 -91 43 -58 71 24 88 52 -35 96 -43 -88 93 -13 -4 81 -24 62 74 -59 -5 90 -61 39 -75 -9 31 
-41 -9 5 -12 73 95 41 46 -41 -13 15 20 -59 -44 -89 31 -83 49 30 32 -86 -46 18 -39 96 -27 -91 21 
43 -7 39 50 -29 51 -1 96 -66 35 13 100 49 -41 64 -33 -36 -2 -46 40 53 -94 -6 82 60 -34 -21 85 
25 21 -71 18 -59 -41 -45 4 93 -58 56 -21 82 -41 77 -41 -89 -5 -23 6 -4 -50 73 15 3 -73 -24 -55 
91 20 -99 -88 55 81 95 85 -67 24 -63 -66 46 -8 50 69 91 17 -15 96 84 -37 -13 -17 -51 54 25 -45 
75 12 -95 67 27 95 -86 -6 -85 -97 -11 -29 76 -96 19 -37 -9 75 13 -70 59 -45 -49 67 -7 85 -5 70 
-45 22 -9 -75 78 -9 21 -43 5 -62 70 89 75 85 41 45 0 -4 -30 -81 -42 74 -53 -62 49 68 69 41 
-92 44 75 -64 16 -12 65 -83 -65 -54 70 -37 -58 83 -49 -84 84 28 -45 -37 55 18 -60 58 79 30 -35 -5 
68 80 -20 93 -66 51 -42 -87 82 -28 81 -44 -55 49 -97 91 -73 47 -19 66 -16 -49 1 -3 65 77 74 4 
10 25 50 -16 -30 -65 82 88 73 8 -97 60 -53 74 85 96 48 -99 -18 67 59 -17 -69 -25 -8 -99 11 70 
75 -95 -65 -2 60 80 -59 30 -96 -92 15 -18 -70 33 -65 3 -70 -22 68 -57 -85 -52 57 44 -71 16 6 -79 
10 -48 -100 20 -47 -47 85 13 -46 -66 24 -13 40 97 -25 62 -8 62 10 25 -55 12 20 22 -33 82 -60 68 
-55 -35 -51 -48 0 21 0 -39 -22 57 -50 48 92 13 26 -20 -99 -46 -17 -77 29 -58 -73 90 48 -52 34 -78 
3 100 -46 50 -56 -27 65 11 6 -98 -72 42 71 34 -60 57 -19 -24 92 48 49 39 -70 -64 18 -99 93 77 
