40
-71 44 -4 -30 14 -72 32 70 -80 30 10 -61 74 54 2 -28 -75 -75 -60 78 55 -59 70 94 -65 -94 23 30 -62 73 -100 88 56 61 70 20 -44 17 -65 -25 
-87 -24 47 86 -19 17 1 -36 97 -50 31 -4 42 33 -37 -50 -43 24 -30 -70 51 35 -58 -98 88 -10 95 99 -68 -91 63 57 29 13 49 -85 0 -87 -6 -35 
-40 89 48 71 45 -93 -79 65 63 76 30 -90 -49 1 -42 -38 65 76 69 43 85 -20 -16 -62 70 -22 -7 -77 67 -81 10 -54 -94 49 -70 -97 24 -75 43 -38 
54 -34 -80 -39 35 58 -88 -39 -20 79 -22 -70 82 -54 64 -9 -93 54 -36 23 -9 71 52 -89 93 24 70 52 -49 -92 63 -46 -37 96 12 -61 61 -1 89 64 
-80 5 76 43 57 72 11 -55 -17 -98 20 -47 -3 81 56 -28 -94 -15 -38 75 46 -18 33 98 66 -72 7 -94 -15 12 -75 62 -21 -81 -2 21 49 -39 97 -53 
-92 86 -71 -67 -28 35 -25 -100 -55 -75 -96 -23 41 86 -40 -35 22 32 100 -74 90 34 37 -79 -89 -64 -5 24 -24 -80 -19 44 -7 -28 -26 61 20 46 -4 54 
-5 91 -68 20 67 -34 -92 53 38 -12 -35 -68 -72 -10 -91 -32 -87 -7 -34 -43 -99 -26 73 75 -94 -41 -49 -74 39 -29 -30 60 8 83 40 -6 -81 55 -95 58 
-96 -60 2 -64 0 -51 -97 81 -26 41 97 51 73 18 -67 -100 -61 99 -60 22 -11 -12 -64 14 -50 -79 46 -39 -64 77 5 38 -42 -72 94 76 -52 -73 47 19 
-64 -66 -47 -63 30 91 -56 -72 31 70 92 -19 -6 -47 -89 -15 19 73 -69 79 -90 -46 -81 -49 68 59 -47 -20 -42 -1 -77 -13 -94 -95 -54 9 -44 4 -43 -19 
-50 -63 49 67 63 33 56 -70 11 17 -17 -60 30 75 73 -37 -45 3 28 60 -67 -72 88 49 3 91 86 -20 -59 27 48 -56 53 80 78 39 -62 -56 0 -44 
26 41 49 -83 -76 53 -95 47 -1 -16 -55 -35 6 37 41 6 78 39 -67 -24 -15 37 -4 48 -97 -2 -14 -50 -92 -40 14 21 25 -91 14 75 71 29 -92 100 
-79 -47 89 2 42 0 83 1 40 -22 -72 46 -15 62 52 95 23 87 97 93 -86 26 -47 37 58 -98 -88 76 -94 -82 4 -30 45 69 -92 -86 -25 35 68 22 
92 -95 17 -59 -88 11 -37 83 79 -73 -85 -60 -39 22 -81 40 98 -78 87 -8 -51 -34 -49 -24 100 90 -99 -47 -81 3 -84 -30 -89 70 -56 -9 -28 91 -89 12 
99 49 62 -43 -24 -62 5 -54 4 -38 -4 -95 -73 46 -53 57 36 95 -35 -80 -94 94 -11 -97 100 -67 71 76 78 63 -22 -13 79 -44 -37 80 20 9 13 -6 
-86 -69 -46 -30 -57 53 29 45 -57 -82 49 34 49 86 -84 7 56 -8 -33 -11 -3 -97 21 -37 -70 -88 56 -30 -10 -4 -60 -69 31 -34 88 59 88 -97 43 71 
-44 -40 -60 -95 -54 65 -95 -15 -77 -78 8 -73 -62 -73 64 -6 -21 75 17 -69 -79 -74 38 -63 63 -84 -60 59 -35 -56 -74 -81 31 57 -90 -8 -48 -94 -26 45 
42 -60 -4 71 -78 -13 77 -75 -96 66 47 58 63 0 51 70 -27 53 83 -59 -29 -82 -93 27 49 -58 4 -7 -87 -77 -99 -30 -26 -36 -29 54 -48 -48 -37 -65 
-86 -28 94 19 -19 -7 -50 89 20 -53 -65 -76 -21 -90 69 95 100 62 -72 60 -67 19 34 -64 35 -94 38 15 -61 -59 48 0 75 -52 13 69 -40 80 -50 -50 
-18 -76 69 1 -40 -63 38 8 -89 -85 -6 56 -28 75 24 67 18 -7 48 4 25 66 -11 -63 10 -40 -15 95 88 89 -97 -1 -2 69 83 49 55 45 -38 20 
57 -31 1 55 -57 -72 50 -58 -14 51 29 -24 -84 -27 63 25 87 88 89 12 -68 18 71 -26 31 -38 -46 -19 -40 -93 -80 -60 -84 -41 100 -93 85 24 -8 42 
-57 58 36 -10 11 -3 84 13 -63 78 2 -27 63 -77 59 -62 -24 -94 12 -75 36 -9 -97 -92 99 37 -90 76 23 -73 -82 46 84 55 -65 91 -67 40 -22 -82 
43 44 -58 -72 -95 36 -13 83 -79 -44 23 -28 -48 57 -82 -96 44 -84 -98 -67 21 -12 -46 -37 -47 -16 -83 -87 74 14 -1 37 -59 -65 -67 93 -7 -35 -47 62 
-94 41 77 -96 -26 -12 10 -26 24 -36 -70 51 -100 -45 -71 -13 43 60 96 55 62 75 40 -41 -16 91 -12 -1 -90 -5 21 3 61 -3 18 8 -86 68 -1 19 
94 -89 66 -31 28 92 70 18 -53 -91 22 -54 -1 -97 95 33 85 -14 63 -43 51 -42 17 39 -30 -54 -51 18 17 -29 -34 77 28 67 71 71 85 31 37 -88 
-50 97 25 23 -94 38 14 22 -81 13 89 -42 16 26 78 -98 -24 98 80 10 -24 -68 45 -3 100 61 -47 -77 -98 63 -49 -8 96 50 -57 -36 -26 -52 -29 -54 
-7 55 0 -23 82 5 52 -8 16 48 -40 77 -93 90 -42 90 66 -61 -16 -62 -19 -95 10 65 -48 26 37 88 -58 62 62 -76 14 -27 -57 72 -99 -51 7 6 
-50 -75 65 -81 -45 -87 18 13 -11 24 88 98 37 -59 -79 -54 97 -92 -1 28 69 -19 -92 -53 -27 100 -81 51 84 -6 77 -42 -57 100 -73 9 -33 -77 -4 -36 
-73 95 50 -72 12 29 5 1 58 -1 48 38 -36 15 -21 93 41 -82 -19 -67 -84 35 -59 -88 -22 44 -71 98 -85 -2 67 -54 -79 74 -29 -24 -20 -3 -91 -26 
-67 -46 -68 -48 -82 34 -25 59 -23 -92 35 9 -41 -97 50 87 -24 -70 -30 45 18 -12 11 -25 -6 -74 15 66 -26 52 64 95 -20 36 0 -43 72 -18 7 99 
-11 -66 5 -87 13 58 30 -58 14 57 39 -30 -99 99 -49 -75 57 -36 -46 20 13 2 69 -71 29 -15 4 51 80 -10 70 -18 -40 -61 100 -36 -82 64 -52 100 
-53 2 82 23 -51 -26 -60 -9 -36 -47 42 68 -45 -26 22 -21 -99 98 70 80 0 -30 -30 -55 34 30 -24 81 30 -77 -32 -14 54 -15 64 -89 -96 -23 -64 50 
100 -84 27 -40 25 -99 -19 -73 41 55 -44 17 34 64 -38 -28 47 48 -100 29 -16 78 65 99 -34 84 -15 -70 48 88 87 87 40 -28 -88 -16 -65 17 55 -85 
70 -32 -70 -53 38 -13 96 -36 -59 63 36 64 -75 96 -82 -30 -92 62 70 -27 -50 36 -83 -64 -25 57 -94 -31 71 14 85 20 25 -34 -73 -80 -21 82 51 27 
42 32 32 98 31 -99 85 78 100 -7 -40 -99 46 31 16 -2 44 -80 99 -92 -72 -10 0 60 75 -4 27 3 88 -13 58 79 -41 -1 -61 27 58 98 -19 -56 
-23 67 -27 17 98 12 -25 98 12 62 -46 -82 -82 -83 -87 -62 -8 -67 -80 21 78 -18 9 5 11 -71 19 48 -29 -16 9 -30 73 -73 -73 44 -21 49 63 10 
23 19 -50 34 -93 60 -15 -62 1 -66 -54 -51 -26 -35 11 22 -82 -68 -97 -33 57 24 -18 -45 74 -71 -48 14 36 -98 70 78 77 79 26 36 4 -27 -32 92 
33 -46 -99 -59 -74 -16 -13 56 69 99 -27 -36 67 -66 -72 72 97 11 -72 -63 27 -74 -9 -45 -21 58 -96 2 -52 -57 -90 11 91 19 8 39 13 -31 -52 69 
54 81 -36 -1 30 -53 73 25 17 28 -59 1 -50 -25 -27 -58 98 -30 -28 -60 -21 -42 -7 69 -90 -6 14 6 21 -17 -6 -76 70 34 -27 -90 -59 -35 -23 44 
26 44 79 -80 65 97 80 -64 -84 7 75 -20 81 -60 -50 -49 -45 69 2 74 68 -7 49 -89 -92 -59 -16 5 100 28 29 60 21 -41 -67 74 85 -41 99 -5 
94 18 -84 -70 81 73 -29 -77 -75 24 59 50 8 -52 82 -50 -54 24 -5 14 84 43 92 97 -35 -64 -97 -13 -72 -73 7 -5 21 -22 20 -64 39 28 47 -34 
